4477509954324606|04|2025|753
5991922541771068|08|2023|259
5081612801758350|02|2034|669
5681060585260025|04|2024|595
5122134161476440|08|2024|100
4798468632034675|09|2036|129
4923173413367375|07|2026|052
5247659027289343|07|2023|901
4194627985071280|03|2035|116
4488759138947252|06|2036|308
5916966422117750|08|2033|711
4704151247233904|06|2024|238
4941425103243036|07|2037|916
5154517108892104|06|2025|608
5473332080942878|05|2026|471
4687139348405766|05|2036|550
4559496885940112|03|2033|412
4548092586307065|08|2037|582
5454606127559572|05|2026|981
4021384065653810|06|2024|768
4552774161153563|07|2033|363
5283843104056162|09|2037|942
5223290916014599|01|2023|846
4500808217553121|01|2023|226
5596359148530734|08|2034|966
5995666755260968|08|2037|989
4143277087519687|01|2026|077
4226790516236740|09|2027|544
5417199117413888|03|2035|667
5621629217947045|04|2037|339
4249288497587180|08|2025|902
4773315847698150|09|2035|718
5811302822858145|09|2025|879
4462453152861607|02|2036|766
5982030953549724|04|2027|415
5979867355997568|03|2036|775
5944214704709300|00|2035|983
4300935844726307|06|2027|982
5229997141539039|00|2027|073
4850063291252672|00|2035|349
4705110404827176|09|2034|116
4945830208618232|06|2026|649
4665428714806200|09|2034|224
4057789194869537|01|2024|324
4772476450946713|04|2035|059
4970329092620506|06|2036|806
5213089939214573|00|2033|346
4283528489163901|07|2024|268
4570142752055907|08|2023|714
4522493080161123|08|2026|681
4524449247106033|05|2025|139
5833997023292824|09|2033|040
4852221718701575|06|2025|338
4101801814190041|00|2025|989
4067763078483971|01|2026|114
5347906572687398|09|2034|297
4447708067332226|06|2023|422
5936367721497901|03|2037|605
5477403672002722|09|2023|225
5160416064742685|00|2025|703
5422722189228051|04|2034|779
4566189443100514|05|2036|243
4123751241702306|01|2035|313
4234613769672005|06|2027|085
4361912432064248|04|2024|024
5082487179876116|00|2035|270
5166832731952936|05|2027|488
4943181107420067|00|2037|161
4272078515145920|02|2035|072
4045227800478037|06|2033|469
4032942215446351|02|2025|767
5068706213225806|06|2034|396
5864542477385185|05|2026|553
5241009697248291|08|2036|583
4286536132522830|03|2035|731
4487661975608508|01|2034|692
4188916016653143|02|2036|129
4118486066610050|02|2026|660
5554468209045537|07|2034|183
4055556809016485|03|2026|191
4111123485128911|01|2025|384
5873255216372543|03|2023|153
4024621073833951|09|2027|982
4434183068397791|09|2036|019
5120771908559196|02|2035|228
5361913384725230|04|2035|843
4341764184866334|02|2037|866
4462640238072170|04|2036|500
4807310619469847|03|2035|351
4009637351672987|08|2026|241
5154667469113777|04|2037|548
4371057044304204|08|2024|368
5277060416657949|04|2034|625
4379851376591626|04|2025|004
5941173393436344|06|2024|175
4799447266815639|01|2026|598
4134577992959881|09|2025|921
4282097574970854|04|2023|633
5894351833307233|07|2026|456
5954675280421252|05|2023|375
5826942082530314|06|2035|189
4278126675535124|03|2023|362
4398869740548499|09|2027|055
4750371443430613|01|2024|893
5072244740322947|00|2036|785
5244693791029606|01|2027|295
4200454630411382|09|2035|211
4369766317838178|01|2023|654
5404567721722531|04|2023|193
5396422248593151|08|2037|383
4478338958790781|06|2033|946
5316441071432075|07|2026|475
4813278042969462|00|2025|856
4682747545295875|00|2027|309
5084000856257222|01|2034|682
5630905670079794|08|2026|081
5695227168489080|03|2033|204
5532531551252671|00|2023|544
5819822487082093|09|2026|841
5897379251220853|03|2035|459
4343507187059027|06|2037|499
4720072872622384|00|2025|893
4973247139269627|01|2037|480
4170431293574992|01|2033|804
5058343647300136|04|2024|344
5352107421577915|05|2034|993
5562624660558318|05|2025|270
5694533984207110|02|2034|870
4171149867014523|09|2027|079
5127541122557093|04|2026|643
5633726215696128|06|2034|877
4137009055384866|03|2025|325
5944686368226205|01|2024|427
4358703234659952|06|2035|757
4432747420024212|08|2024|031
4949113228089436|02|2027|165
4450152471949155|07|2027|174
5905146914226425|09|2036|032
4042608993031947|05|2025|927
5049912388159172|06|2024|911
5873550010631927|02|2036|167
4672731157906060|09|2037|113
4349572372763124|03|2024|999
5921007451018291|04|2034|307
4193878254972198|07|2036|209
4291782167180453|06|2023|128
4949549813229709|07|2037|746
5775762513922856|06|2026|208
4359189473362690|08|2023|208
5011169550656605|02|2036|214
5841086814140447|01|2036|510
5860130181203224|06|2037|315
5661776333439859|06|2027|075
4419722958030367|07|2034|166
5244183041849127|09|2027|557
4779980785631749|05|2033|973
4743772963197419|07|2033|071
5206921238811524|03|2024|656
5217899965421475|01|2035|333
4080129641198982|01|2027|197
5487373716889962|09|2023|403
4067191928528633|05|2026|681
4309380396985175|05|2024|418
4685429521237668|04|2034|328
5180691826618027|06|2035|321
5997940667343337|07|2036|002
4062016921280977|05|2036|604
4932661045278348|02|2033|121
5208072407296143|09|2034|587
5004062722051707|01|2035|005
5479071810017075|08|2035|204
4686675440128975|04|2027|742
4543096167440622|05|2026|883
5612200436063891|03|2026|144
4979993090921266|01|2026|165
5840542048171625|00|2023|214
5389672180568596|04|2026|926
5407875009794454|05|2037|793
4817389371614037|03|2025|177
5928245235282404|04|2035|806
4856649823895868|01|2025|365
5490347957687138|07|2027|687
4200476923123193|01|2034|266
4192586265731351|08|2037|933
4580574027558020|07|2036|722
4586002836661154|08|2036|187
4240447797575222|09|2034|369
5425012351049088|03|2023|928
5905025993202413|03|2024|822
4876356212514973|01|2025|298
5991970178584762|07|2023|695
4503937627900704|06|2033|568
5519989854597361|01|2036|268
5135529470171098|03|2033|359
4161316747529200|09|2037|823
5313043599359603|01|2023|804
5747121080723980|07|2027|561
4974733026984993|06|2034|306
4797294147308027|07|2034|691
4497879838224478|03|2024|943
5497055648386594|04|2036|101
4764477862671944|02|2037|563
5229045189889647|04|2026|867
4358141705285598|06|2023|015
4435691603217167|05|2026|473
4743698621818119|07|2035|533
4894119788641684|02|2023|140
5857956498321667|06|2026|552
4184541672878589|03|2033|975
5899620023138115|03|2034|854
4524081616129929|07|2035|031
4506435656349341|05|2035|349
5754944451809545|00|2026|769
5900879881651186|01|2036|293
5090239841023054|00|2024|508
5743887363487840|01|2023|993
4284124062969985|07|2034|970
4332823692915122|03|2025|925
5579623753426711|09|2037|900
5206034737592364|05|2027|150
4291784290573468|01|2037|213
4209566705469374|03|2037|537
4238944553081707|03|2036|999
5153650609151472|09|2025|816
4867567572939839|01|2024|954
4847008345602470|08|2034|421
4758550061389247|03|2033|297
5264459416369735|08|2024|786
5434464703664292|06|2036|047
4890105035612095|05|2036|524
4676661463143327|00|2027|159
5443663483472070|00|2027|722
5613820044862530|09|2037|274
4973781389933835|06|2026|182
5245635004510109|00|2033|353
5465891286235216|09|2034|589
4942319675451636|00|2034|778
5053157341457336|01|2026|864
4017920827303194|03|2024|516
4767656556449407|01|2024|174
5924822966143603|09|2026|580
5249205413120360|06|2026|054
5830752184966392|04|2026|338
4835626254136653|05|2025|770
5130643910915258|05|2026|368
4981724592952811|05|2034|451
4961684122393237|03|2023|014
4293374489887550|06|2035|217
4921879018095178|05|2036|260
5352187230558882|04|2036|134
4205139142909262|06|2034|967
5764732090015692|08|2036|440
4573761588146867|02|2027|710
5716886636639779|04|2025|113
4718980544935716|04|2036|773
5882794234934876|00|2024|193
4150908198108873|04|2027|502
4813692721454145|04|2023|662
5387977129147802|06|2034|624
4109511543588274|00|2035|865
4521584329274717|05|2027|758
4220018181336460|07|2034|133
4009426426520958|08|2035|116
4418862888477359|04|2036|158
5795558617296700|08|2033|844
5150754294399101|06|2027|255
5849055577743345|09|2025|619
4657846315222193|00|2037|740
4954594112639290|09|2033|792
5908998014149393|07|2025|413
5797560346161187|06|2026|773
5320640878214567|08|2033|504
5369056612979496|05|2025|243
4249892880140232|05|2025|836
4158511981338330|07|2035|433
4743674458693889|07|2035|990
4834988787912574|08|2027|054
5735346895021849|05|2025|153
5478771614215948|03|2034|660
4175384435271597|05|2033|985
4496181282539028|01|2033|307
5361677737937260|05|2035|537
4414607512294811|04|2027|222
4234293114110265|07|2027|810
5201835103995344|01|2037|891
5322646710256740|08|2037|867
5461803673049597|04|2035|617
5749710277168771|01|2027|111
4622965729468055|09|2034|594
5526641245221985|09|2027|203
4438357762250188|07|2026|273
5470495187931058|05|2026|170
5413973205958939|09|2034|642
4193422867900095|00|2024|304
4141341551188189|07|2037|353
4573141547212668|05|2025|986
4089489940886187|06|2033|513
4290957775301019|00|2024|042
4942357881864258|08|2034|911
5511113455176501|01|2024|932
5875513658996042|04|2037|813
4248086358467242|06|2024|425
5690912327603364|04|2025|503
5723447737470311|09|2024|428
4195763406081466|02|2035|188
5133001031478751|03|2024|679
4921370486322811|05|2033|768
4973949286631730|02|2035|978
5687553983695803|04|2033|632
5763504552486993|01|2026|161
4506290624801248|02|2024|168
4111174516696436|03|2027|318
4688746992129910|07|2034|373
5195291483793539|04|2035|228
5170755207309986|09|2024|535
5507067361171950|02|2035|326
5875770034384512|01|2027|924
4592490634967073|04|2027|632
4413006623540796|00|2023|239
4517910925622010|07|2026|538
4344539815938186|01|2026|431
4318054350507817|04|2023|494
4984786679012601|02|2023|871
5524369978232047|04|2023|917
4682903293444316|04|2026|206
5912121113364183|00|2034|469
4124200683280664|03|2025|863
4083996276543687|03|2025|824
5236901621032498|03|2027|914
5641993143324058|00|2024|139
4930590691992002|02|2025|801
4927384253737999|02|2035|052
5937056793616180|06|2034|223
5378880579244753|09|2024|963
5583341878227557|09|2023|209
5960871875567950|07|2036|950
5735609319795859|08|2024|588
5991036581264929|01|2027|846
5289852145275688|02|2037|851
4788797229538488|03|2033|074
5843900337193587|02|2034|732
4555935701276356|02|2025|888
4159711967266208|03|2037|228
5970931239685853|00|2037|443
4275209893208127|02|2027|325
4215161614474103|04|2026|489
5934541755524455|07|2033|564
4483272575358304|00|2035|526
5450431465894266|05|2026|845
4424018845131639|06|2023|219
5962135256999662|02|2033|254
5737336811295627|03|2026|675
5508339449174218|07|2023|643
5283299395955520|08|2026|941
4557830343748240|00|2025|578
5734547901217819|07|2027|588
4833755578997324|03|2024|074
4463268977335649|08|2024|502
5714354547019869|08|2037|713
4800362474055909|09|2024|080
4435377498313559|02|2023|393
5723684329279857|08|2037|157
5341996235362974|07|2025|827
4308997090695250|09|2036|492
4765799601353682|03|2027|489
5548938838873525|08|2024|930
4321485869844105|01|2035|286
4070642900883017|04|2027|625
5684979625142604|04|2027|829
5883886088866179|08|2024|166
4819927116622707|01|2024|025
4531062839773654|05|2036|019
4961983987711279|05|2033|405
5493729520734684|09|2025|340
5041092476100314|04|2034|553
4505116060290837|08|2025|738
5659814475068089|02|2026|316
5480756299389068|04|2027|788
4391505167091325|08|2025|961
4996251150904972|06|2034|319
4810042444354698|07|2035|288
5099225945026791|09|2036|696
5950242273583905|04|2027|001
4033875065860088|02|2035|046
5856141239723750|08|2034|867
5185781200241901|02|2033|720
4807522299737468|00|2033|326
5184971271443373|06|2034|492
4991072194961899|00|2023|278
5009452320462375|02|2027|847
5345519621576849|02|2035|510
4859041868656049|06|2025|458
4544009090681401|01|2026|985
5367171106101827|09|2024|747
4741914454821741|05|2034|987
5144997894088088|04|2037|289
5778855745947614|07|2025|007
5867317957118240|07|2034|059
5343866615030921|07|2024|122
5089342755477904|06|2025|639
5023823898465050|07|2034|536
5247131149113756|05|2024|754
5232699935505886|04|2035|689
4700253737298830|02|2034|505
4038771811009803|04|2023|654
5313664141199562|01|2023|361
5947095101844024|08|2036|704
4692712836412244|08|2034|866
5515160309410340|05|2027|617
4547256802902056|04|2025|142
5150943419144468|08|2026|678
4296575537931373|01|2024|406
4734394330613768|00|2035|917
5252352696226662|01|2036|742
4849657536128943|09|2035|398
4005345428917083|04|2035|675
5943567228889301|08|2036|412
5463628378012675|08|2037|542
4777504515443631|02|2027|329
4969892810680553|06|2024|389
5323553327403129|02|2025|954
5331677974455937|06|2034|914
5733922822852388|00|2033|053
4111624531917540|07|2036|569
5916542032317376|00|2037|441
5738369695999642|07|2034|819
4671753376236640|01|2023|763
5994953046254847|04|2036|988
4163843490436536|03|2037|225
5025169776933740|06|2024|448
5572027523723876|04|2036|216
4052021857877557|03|2035|337
5085730941423443|06|2025|396
5702891827061849|01|2034|982
4480033912403356|08|2035|954
4844068964704122|07|2034|699
5104064615190422|08|2036|285
5704833979414415|04|2025|942
5478360204458009|03|2023|596
5540668708549786|05|2034|528
4012848932351200|05|2026|205
5350514594786646|04|2027|134
4898275710172293|03|2035|382
5918686525744980|04|2027|319
5888604982566955|09|2023|593
4172218859743217|03|2036|437
5613581422891413|07|2025|353
4326436775250049|09|2024|567
4503821161972573|06|2024|060
5401713330945337|04|2034|465
4893563534471187|02|2035|384
4900679784067694|06|2024|394
5888333319886837|00|2036|935
4234285612102723|04|2026|480
4665681809474354|05|2026|736
5940154528766291|03|2026|644
5729227264622485|05|2024|566
4627086808733943|03|2036|239
5943114222408337|04|2034|677
4141432692446478|07|2034|636
5646052900502501|04|2023|951
4310356073669942|09|2026|907
5127727873905152|07|2025|543
5116321243849959|09|2035|531
4056613358151441|04|2037|502
4845523166783276|00|2027|239
5586137372693929|06|2035|061
4388153278796852|03|2025|690
4790294548797410|05|2024|139
4418236717323102|03|2024|563
5273524923248773|05|2027|865
5313402597233113|06|2024|659
4654567434649106|07|2025|346
4919595796313316|01|2023|795
4747794045546443|02|2027|322
5954595017927766|00|2024|814
5483431177461183|02|2027|406
4224377543135708|05|2035|462
4144146605552547|00|2034|775
5629814591690534|03|2037|913
5146794803348293|06|2023|908
5011225614509261|09|2027|085
5471115200364914|03|2035|834
5936002520436728|09|2023|336
4892071555191634|05|2033|058
4895776702279971|07|2033|737
5147015294845580|09|2023|591
4610046782884536|08|2027|973
4064118821394754|00|2023|759
5592939109162343|09|2035|597
4814951000624134|02|2036|954
4919591767472903|01|2025|857
5682623423001978|02|2024|585
5129340989773542|05|2024|665
5803576537562318|01|2025|453
4881304853246889|02|2034|962
4439079524287572|00|2025|463
5090139605974900|01|2027|887
4550271517789704|00|2035|456
4275204169250620|07|2037|029
5598622070923668|09|2035|397
5508090693256423|09|2036|117
5091574225897408|01|2025|550
4720171709096843|03|2027|694
5313218786991045|06|2025|658
4728651911502171|03|2027|586
5576223770023672|02|2037|730
4439753093028457|03|2023|852
4563421902085908|01|2023|878
5819071085841329|01|2033|484
4101337044188759|09|2023|464
5329989863160545|09|2036|602
5936086990131205|04|2027|771
5001951723796078|02|2026|147
4804736048391279|06|2023|450
5755057700893443|03|2033|037
4125162996679815|07|2024|985
4738476054787689|04|2035|840
5130043379222506|05|2027|097
5687565197262342|04|2024|067
5687061162916295|02|2036|393
4689675775481024|00|2033|826
5929368084022166|09|2035|318
4206514936953334|06|2024|321
4957366932397194|07|2024|055
5908011962521527|06|2023|714
4646339270784925|03|2027|232
5725792575876879|09|2023|651
5066844127434097|05|2024|167
4984939360780843|07|2037|405
5840914936867825|05|2025|432
5671687543317054|04|2023|437
4872945466159100|06|2025|930
4432809385546844|00|2024|622
5609077496948067|01|2026|235
4610300748351550|02|2033|617
4573185862041076|06|2025|652
4084320934656797|05|2036|314
5816220131514581|00|2026|171
4736199581252395|08|2037|119
5252329589783385|04|2034|146
4913956551009917|06|2026|318
5209586254276655|00|2037|866
5727282302773371|03|2034|444
5843208122600433|03|2025|023
5873880111736311|07|2023|694
5014421254590577|03|2024|060
4732723610626767|04|2025|951
5269502909742071|04|2023|770
4868914719556061|01|2026|087
5728461779077890|06|2037|716
5263834538700903|04|2025|135
4837929759067830|01|2027|050
5977119505534643|04|2027|600
4162255259563526|00|2036|990
5881101941855578|08|2036|742
4659519799394066|06|2034|296
4722094560140535|06|2027|087
4392589747222716|06|2036|477
5007899937286595|06|2035|933
5512281275442574|01|2034|240
4003925105587878|03|2035|594
5460315327829900|09|2027|079
4193587647876245|07|2034|144
4912059441696042|00|2037|941
4891025992015216|05|2024|203
5319634432534739|03|2025|491
5720461408804384|05|2033|125
5842928782633572|02|2034|575
4564469743507688|03|2033|625
5827951596223350|06|2025|614
5525792258694355|02|2026|480
5289044615688431|03|2036|537
4048466897658544|07|2024|493
5654823935265041|07|2023|583
4779809916442278|00|2023|012
4083369266360869|04|2027|357
4963585694347996|03|2036|819
5952491188781922|05|2033|365
4141906539791240|04|2036|119
5267380332789606|09|2034|960
5196802232226718|01|2023|868
4338648591583522|00|2036|166
5834114440887869|06|2027|811
5243707599848701|05|2037|471
4985684433802244|09|2033|228
4498575041274214|07|2025|202
4785368245964215|06|2026|859
4838952972561990|07|2035|867
5351722211285128|03|2037|648
4491243100923163|04|2035|965
4032937256258535|02|2037|058
4501512840543554|07|2027|030
5796134232530319|07|2027|471
4379610669311575|07|2033|613
5019634039917164|04|2025|676
4277870365572143|07|2034|620
4322760677240270|09|2034|577
5728677667354928|03|2024|130
5072379120015243|09|2025|143
5166924914037393|02|2023|592
4747025043028046|09|2035|846
5476281160223574|03|2023|542
4484904917141983|09|2033|004
4617287888111524|05|2023|319
4673802362144933|05|2034|118
5997771477069957|04|2037|725
4303309468970481|05|2033|185
5765458476548081|07|2035|747
5551560943817488|09|2035|654
5632689467825030|09|2026|766
5380366489239289|04|2027|410
5653948776591631|09|2027|537
5705827325388858|09|2027|446
4637301913806526|03|2037|510
5994504566944654|05|2026|948
4747871990330864|01|2035|555
4365503186368522|04|2034|273
4849181743849518|02|2035|592
4969408030337849|05|2024|217
5024564148832631|02|2025|899
4270070529416589|06|2036|039
5591733384793916|06|2035|683
4542716100479745|06|2036|371
4232044297859084|00|2036|640
4017778668577258|05|2036|442
4027697733541051|02|2037|331
5211851055919467|05|2033|339
4234910441045246|09|2024|295
4853149340934810|02|2037|259
4319256302082846|04|2024|607
4421071239951963|08|2036|624
4238128636888138|06|2036|554
5731660969786587|07|2033|683
5451455363726792|05|2034|685
4913361253991408|08|2036|746
4641304255283575|08|2033|452
5166447497327941|05|2035|133
5131350325942070|07|2027|317
5348382985194465|00|2024|438
5726524515689712|07|2023|856
5215585812822344|02|2035|193
4489808429905201|06|2034|764
4279639385331034|08|2024|357
5859625623702853|09|2027|344
4597552959035453|04|2023|026
4818735870724875|06|2034|696
5379672092593754|01|2036|687
5012068361392097|05|2033|727
5467482466847955|09|2033|580
5346383047597328|02|2036|130
5472469291850592|04|2036|529
5851972578714360|01|2023|102
5199196590771650|06|2023|210
4579937588358852|09|2036|264
4668307167647066|00|2023|745
5137639406071400|03|2023|365
5113861001368673|03|2033|114
5060339307816867|02|2036|299
5374394480997347|02|2035|268
4178882067138671|09|2027|625
4205767884142080|08|2037|363
5628949120601316|06|2033|633
4393437739398437|08|2037|705
4866243888469530|08|2034|414
4624010816032287|08|2035|632
5629990081670005|00|2036|601
4404608272514663|08|2023|582
5983231124866486|05|2035|925
5449502697720592|04|2025|963
5510337169725307|09|2036|803
5097397650414886|06|2037|190
4029735014872332|09|2035|363
5786117677513036|06|2035|263
5874351906660587|07|2037|075
5114203286488828|04|2036|187
4624994445033688|08|2025|393
5945595982311899|03|2034|452
4469702256306340|05|2026|451
5515753162707474|09|2024|440
5233952848427242|02|2035|046
4829614157450819|08|2024|202
4442328716014111|07|2024|272
5242646805158174|04|2023|444
5170144423924833|03|2037|259
4603894240429427|05|2034|599
4626975540688067|06|2027|824
5855498360601471|07|2023|343
4672367912014509|06|2026|905
5920725783213446|04|2037|783
5721327667021610|09|2024|153
4913719821426174|00|2024|281
4848747763142129|04|2026|844
4622787711852595|07|2027|123
4439068741908658|00|2025|340
5460414777183043|06|2034|748
5915175932613791|01|2037|859
5184241586356567|05|2037|172
4898683794513236|05|2034|993
4812008076641700|01|2023|202
5160829156893362|08|2036|129
4375285241613274|08|2026|393
4447231660231266|07|2033|744
4147344933809747|05|2023|404
4822607494054817|00|2023|291
5771755140950343|05|2026|847
5338511121918894|02|2033|329
4766822122560688|08|2035|694
4884952973342530|09|2036|314
4102458446866591|01|2026|093
5575471527310721|01|2037|103
4364876807183917|09|2034|687
5859028438163088|08|2024|428
4805277855189686|09|2023|073
5663295836749668|05|2023|809
4156852897313100|07|2035|736
4429201097655668|06|2036|131
4743505681427655|08|2027|333
4431995357982083|07|2027|089
5908990812632293|04|2034|093
5708321959480202|01|2025|922
5124959716866512|06|2025|203
4459569561326442|03|2034|296
5738514573184125|06|2024|792
4520583485912557|09|2034|644
4873196250927528|07|2026|532
4989974323269716|07|2035|961
5956165846583299|03|2033|593
4573119222384893|06|2023|866
5124545981242834|04|2027|420
4672057311216143|07|2033|482
4136209567417831|04|2027|004
5937680136495454|05|2026|902
4440642091604344|04|2035|461
5668101614722551|05|2036|480
4522519501504185|05|2024|992
4081404725797661|01|2023|465
4834420710772615|09|2025|679
4355880384683242|00|2034|119
5022767205789183|03|2037|347
5335594648636081|05|2027|599
5474444416387305|01|2035|028
5893790331667525|04|2035|802
5215035465963646|03|2026|076
5032713311216689|08|2037|581
5485797619879188|00|2024|604
4321477721145817|04|2036|998
4123798302316401|02|2023|769
5673546021295860|00|2025|095
5008687515245044|06|2027|202
4874550794570899|09|2035|628
4739529940727826|07|2037|356
5629220893086164|07|2036|052
5523282231472007|02|2034|572
5634445551816633|06|2034|934
5817319764509777|01|2026|697
5644354057367613|06|2034|151
5121234888371597|09|2034|893
4151128724135854|05|2034|462
5863307729675348|06|2034|076
5032004934491570|05|2033|575
4955172522981183|01|2025|897
4351035195417430|09|2023|433
5447563156687265|06|2026|415
5026894678632457|03|2027|602
4753077656435430|00|2026|127
5756723303354043|08|2024|722
4679513700432375|07|2025|326
4136264466401923|01|2024|627
5365725601644606|02|2036|649
4252148506476462|09|2034|996
4702563350294746|06|2034|889
5339988535493684|07|2035|499
4668448899942891|08|2035|505
5790097655379360|08|2025|927
4896325781852095|03|2024|248
5352594995941125|05|2035|060
4726874527373190|01|2026|606
4702441361760259|04|2027|032
5925307808686354|03|2033|592
5056860497242593|04|2034|753
4276109046498574|06|2024|648
4772954547993293|06|2035|066
4554363850575689|00|2026|564
4515514605534996|06|2024|128
4755368936884050|07|2027|592
5861200428561489|07|2027|450
4291983226973382|03|2033|227
4864281013267657|08|2037|217
5120875979000241|04|2034|953
5191989087328398|05|2026|088
5144419438605258|06|2023|142
4291666306924793|01|2024|300
5717507493581330|00|2037|933
4319905330731934|06|2035|186
4057707242386498|04|2027|988
5590186215673122|08|2033|498
4022385078233000|09|2024|620
5563953658908488|01|2025|743
5417198303785766|04|2033|149
4731599560683906|01|2037|491
4064655709561632|01|2035|858
5907402946551386|03|2033|808
4674360910883179|07|2034|829
5660908132100982|04|2025|037
5816132282732886|01|2025|060
4261581755891826|07|2036|536
5587543680414727|03|2036|170
4804626762323912|04|2024|584
5551934210739344|08|2026|959
4390343991374255|08|2027|969
5255715164133659|05|2026|030
5200995516826487|02|2037|356
4631903787377143|03|2027|661
4623195085796557|08|2025|518
4681960180657430|00|2036|814
5400743384176050|08|2033|569
4980410459845386|01|2033|982
4434728659999835|05|2023|170
5938680167873236|02|2027|483
4398334364372654|09|2033|754
4765624728731629|02|2027|589
4582596900030090|04|2023|543
4424992186378488|07|2026|694
4550955922505297|00|2027|096
4167796372078500|08|2034|980
4971251826630358|06|2024|386
4908173759842968|09|2033|585
5196039887636123|07|2024|151
5643103479581305|07|2027|170
5666729251782223|06|2025|390
4194946338440770|06|2036|470
4540470451509662|03|2034|038
5522928146534885|05|2033|598
5231868774270835|05|2035|703
4361699875337346|04|2033|060
5219955643522693|05|2036|345
5904871634517440|01|2036|546
5199579508042116|01|2025|104
5935978697947502|04|2033|773
5712786917110444|06|2026|395
4328293678124181|02|2025|414
4903723936928886|00|2034|735
4165501872159169|00|2035|984
4929883880974385|00|2023|869
5263739360863250|02|2026|190
5749298517581663|09|2025|515
4833109150220715|03|2033|287
4378692219408283|03|2025|024
5814312580290678|07|2033|181
5378970348725828|00|2037|474
4585353405008222|05|2033|265
5815938546916288|06|2037|191
4141957052264161|02|2026|597
5992510031207274|00|2037|146
5595166294250215|05|2025|667
4848396242668102|04|2034|411
5356960308553766|09|2034|755
4325538921094651|06|2035|241
5828045663267959|01|2033|186
5237066973675098|02|2026|008
5754621244374822|09|2037|629
4468447554203776|03|2023|247
5848163505082648|02|2035|018
5030524561102843|00|2025|087
4074134298683050|03|2027|404
5819931917267579|08|2034|539
5750657949610487|08|2035|909
4364873233018912|01|2034|530
5463991213049090|06|2035|423
4484473063708933|01|2033|383
4983038160149625|03|2024|779
5010064570203513|04|2026|651
5594221834019274|02|2034|032
4211071005271549|09|2034|390
5760558443756816|09|2036|427
5477546515299114|08|2034|385
4192650552530713|01|2026|852
4109671220939140|04|2025|170
5317447155503861|02|2026|434
5553799130791367|01|2026|535
5001202731861032|01|2025|217
4324051809496879|06|2027|144
5384555636254204|09|2025|879
4163707371613344|08|2027|786
4798122736157976|01|2027|191
4447101778926032|04|2034|085
5880133779740952|06|2034|917
4314862956901426|02|2026|741
4935718216193416|00|2035|811
4263236246494079|08|2024|821
5240158497597111|04|2037|590
4978909098609100|07|2024|101
4803830551866765|00|2034|371
5911910005270409|05|2027|676
4686852078459076|00|2023|487
4412404535083184|03|2024|620
4863172332695700|06|2034|407
5976276791427900|09|2026|767
5359434797917728|09|2024|401
4092301629514649|04|2034|035
4824455469824107|05|2025|407
5127634119108175|07|2024|757
4517187946143186|03|2027|580
5476989895948816|06|2026|456
5336774952327931|08|2037|759
4732767393685541|09|2035|105
5947588038818851|09|2023|163
5941490716904880|05|2027|343
5801858961879890|04|2025|763
5585028281288806|05|2027|989
4434807327300382|00|2036|479
5360495644764070|02|2024|710
4699189948758900|09|2024|583
5949605826971138|07|2037|918
4709605009286093|00|2036|130
4612845847176130|07|2037|343
5667330240112389|05|2035|862
4935262652398985|07|2037|858
5868469329689725|03|2033|025
4033213273403059|08|2023|400
5377930553462061|04|2027|992
4032269352403211|03|2024|097
5026653993645188|08|2024|336
4769050527469953|02|2037|555
4786299357326571|04|2035|499
4289909423218949|04|2024|458
4607332641532550|06|2026|307
5236523314366377|08|2034|601
5926626936487404|02|2037|256
4775181041159164|08|2037|785
5646109520955780|01|2027|058
5641071198903335|07|2036|488
5325472955584096|01|2035|905
5120321765696752|04|2024|900
4753341198016813|04|2024|842
4696148613464718|09|2024|515
5197911711757155|08|2027|391
4151113734301067|01|2033|642
4320259135470873|06|2023|536
4954044027355030|06|2037|807
5694075710302927|05|2035|916
4569320163305811|03|2026|665
5317034418391331|08|2037|025
5504834762921862|06|2036|955
5202688644751279|02|2034|138
5332351393145732|05|2034|324
4837324721906129|04|2035|389
4041253286643717|08|2035|512
4352159668775105|01|2025|319
4180139930009158|05|2026|075
4385225545881607|01|2036|889
5028982600548877|01|2024|189
4059437365543004|05|2037|288
4744582498648355|00|2025|711
4901213344974001|00|2027|610
5720347981083814|02|2025|129
4711028209856850|09|2036|804
4975199452362925|09|2036|719
5397563661657516|05|2023|819
5574410189045698|08|2033|065
4818673075170904|01|2036|144
4361858643122328|09|2033|847
5710624622982040|09|2027|551
4145695856607437|04|2024|906
5945884740984422|07|2024|091
4472679295468688|07|2025|156
5807230865978777|08|2036|773
4607787658176488|00|2027|338
4209884583129324|03|2036|115
4891939685668893|06|2033|677
4462620346826691|07|2027|765
5909551490166344|03|2037|027
4145642558322518|01|2026|557
4111597979131366|04|2034|628
4119267157708911|00|2037|273
4390313828349338|08|2035|564
5833057555507061|05|2034|049
4085734015871998|04|2024|451
5453144648665780|07|2024|897
4086154737636264|06|2027|211
5898822200236658|03|2024|662
4967026080382722|03|2026|172
5742435244097922|06|2025|256
5264754919674047|08|2026|271
4291089713515100|03|2026|657
5668825157244295|01|2026|584
5191679089056762|01|2037|425
4340590082470140|09|2026|920
5873758989542636|08|2025|057
5617471887344442|07|2024|983
5982879444439358|00|2027|035
5087797312329532|02|2023|731
5172951110249574|09|2035|800
5920628631169767|03|2037|958
5837401743301395|06|2027|550
5550584739183476|02|2036|906
5848913975230676|09|2027|114
5018945611771417|02|2026|317
5202487326643531|01|2026|530
4090224615191355|09|2024|200
5290404858551625|05|2035|786
5100858416441318|03|2034|047
4355712563402142|09|2025|961
5753100729218921|00|2026|661
5267789637575087|04|2037|599
4980350319393136|01|2026|761
4516146123278383|09|2033|157
4854738026385754|06|2024|888
4653031264464890|00|2034|640
4012906065115888|09|2036|850
4100216594828668|06|2035|123
5972310261541238|06|2026|897
4595279341373119|08|2037|254
4131666282478756|02|2024|839
4975887404370856|00|2027|005
4272585243345670|03|2026|180
4302866784116104|04|2036|575
4723890489130880|03|2024|980
5436919001415547|05|2034|036
5357522787172050|02|2025|424
5545321518458014|09|2024|131
4289345710876066|04|2036|864
5461567145658214|01|2034|665
4043512959253497|07|2025|159
4011939265235390|03|2025|216
5200089076674112|09|2025|417
5277238001223672|00|2025|187
5516101054111150|02|2025|886
4401193236715770|09|2033|542
4061065196363454|08|2037|198
5017074627130231|03|2025|198
5597624652794376|07|2023|228
5481169525579093|01|2034|447
5354750994499114|05|2024|866
5361515456810385|09|2036|859
4630856089094235|07|2037|119
5549349367903515|04|2027|755
4244063223805023|08|2025|090
4042681685304327|04|2026|801
5804229608050557|07|2037|367
4793434195145563|06|2024|350
4741033655647626|09|2036|194
4032109636532683|04|2024|205
5371641076473900|09|2024|074
5259260593898985|04|2026|981
5868741645786334|09|2023|856
5318593951214355|09|2037|616
4479744979009256|08|2035|686
5864111149125414|06|2037|962
5746113032446037|05|2024|869
5410693516978700|04|2026|325
5121138978091143|06|2036|712
4048862940883571|08|2035|034
4624445296887492|01|2024|619
4791446112922745|00|2037|094
4595332118392529|04|2025|570
5021530722176532|07|2023|800
5624007768606196|08|2025|058
4739300739246964|02|2023|083
4181252310017578|00|2025|269
4797113714750596|05|2035|119
5200230157313309|01|2033|112
4005036670356680|02|2027|638
5620215688236794|02|2023|706
5938573114332417|07|2026|988
5336237227575629|02|2024|466
5246358997156513|08|2027|580
5231190128266766|04|2035|732
4764481466806105|02|2027|682
4546462837602831|03|2025|382
4912237459887758|04|2023|427
5551686797394276|01|2026|845
5686085678024498|02|2023|344
4922604563231481|09|2037|578
5639608319072606|06|2035|712
5785723968654735|03|2037|821
4648259345267484|07|2033|871
4016910265415938|08|2034|326
5076294874615337|00|2026|346
5857430667431326|04|2036|882
4443700413841925|04|2033|581
5450791318834952|06|2034|309
4011783015474178|07|2033|510
5054870437963380|08|2037|346
5548352066824190|04|2035|182
4067374461655861|06|2033|006
5920096780325632|03|2025|283
5740580502951447|04|2025|437
4028942672543896|06|2034|713
4051764685490359|07|2023|894
5808365610917076|04|2034|059
4404730286420584|07|2033|281
4131717293393565|03|2035|720
5076708285002812|03|2027|823
4484426307803846|06|2024|655
5757321043641557|04|2036|683
4643366637822413|01|2023|749
5635955145753043|06|2025|873
5481476975580294|04|2036|305
5139744821922527|03|2024|414
4615659221393643|09|2035|092
5338338039051811|04|2027|132
4135039892461536|01|2034|153
5344574481090380|05|2035|801
4230274378368760|01|2035|441
5694535869312513|02|2027|446
4586903354369443|00|2026|678
5370862161068517|06|2037|142
4037978526288874|03|2023|814
5344804464259534|00|2024|247
5759705189835965|04|2026|948
4553287079504974|08|2027|031
5350684559122546|06|2026|586
4665548204642463|03|2037|574
4296574117159551|09|2037|658
5792633779956865|08|2024|362
5414732919812572|00|2036|989
4972437879631274|06|2023|083
5653079973943320|02|2023|793
4900065927385732|06|2035|093
5451612689160895|08|2024|166
4052366926955147|01|2034|366
5393497958369482|06|2023|797
4954588637391889|01|2037|563
5340984791002342|08|2036|712
5526313115128014|07|2035|475
5953537771265346|01|2035|580
4007892706211237|09|2035|645
5044435465797330|09|2024|823
4060031825563164|08|2023|564
5927693902803326|04|2036|969
4648255986210689|06|2034|022
4034506157850808|09|2024|066
5131852731288635|00|2033|655
4852607495827074|07|2024|338
4303794932907445|08|2035|295
4103088279567426|05|2023|073
4675349990831097|03|2024|668
4468520155817964|03|2025|417
5536539325650632|04|2035|654
5916166212392720|08|2026|859
4810969040368180|08|2035|236
4988765857000168|08|2027|123
4547080429049733|01|2023|639
4985880054976238|04|2025|770
4464159420477597|06|2033|802
4025885648451299|07|2037|380
4056967080824841|06|2023|452
5372163600864959|06|2035|951
5054728897071932|06|2036|157
4875706192351792|02|2026|916
5880416762143698|01|2026|482
5420727332180536|02|2026|091
5065408277948002|05|2037|627
4234723848607468|02|2033|009
4567534364277399|07|2035|042
4548404776973577|06|2025|826
5336016633089091|05|2034|793
5550537693914347|07|2024|047
4168108995332981|01|2035|877
4263337960017317|06|2026|095
5125937755978717|03|2026|679
4231477052357379|09|2024|554
4984016338138832|06|2023|835
5813665709263184|06|2033|496
4275924716550146|06|2024|824
4630195296079553|09|2034|701
5927073947701604|00|2035|184
5288553243771588|02|2024|482
4106402522515126|08|2025|034
4323589665184965|07|2027|713
5437352251277450|06|2027|094
5323093973843948|05|2034|163
5837247890576804|01|2023|559
4791645786064207|04|2024|367
5110460716741158|03|2033|328
5217557083592248|04|2035|841
5865038473805273|01|2025|189
5921349388988529|00|2027|337
4430591620556197|03|2035|136
5092186004518830|06|2027|034
4119962947660522|00|2024|396
4048280465823816|09|2024|908
4188412878349725|05|2023|736
4936622285602404|03|2033|204
4032750368691965|04|2026|551
5468845531772649|00|2037|901
5182202113263438|04|2033|941
5521842515770740|07|2027|078
5595480576516265|02|2036|425
4756888299378919|01|2033|831
4039221319721645|09|2034|686
5527922506639747|09|2025|800
4147046445171103|01|2033|341
5129302402567956|02|2025|221
5496657972604536|07|2025|058
4967405958231912|02|2036|108
4097325816608996|05|2024|024
4633190494231628|08|2033|198
4814822379769456|05|2024|836
5864798958985528|09|2036|836
5226144676207444|06|2033|311
5936705515074939|08|2034|562
5135355279143959|06|2036|846
4439298681824144|00|2036|718
4357577934497097|01|2023|318
5845687152349604|01|2023|084
4351262319703442|00|2034|332
5747912823059882|09|2026|492
5416229807200854|05|2033|666
4835472330178907|00|2035|568
5964834227069441|09|2027|368
4303575708385604|01|2035|673
5007327170534858|08|2037|681
5292614166617898|05|2034|618
4135148494000494|01|2023|269
5349379501806375|02|2023|012
4922152589724841|00|2024|221
4170044018198804|07|2025|147
4493160792385414|03|2024|469
5921484155157156|04|2026|967
5530312451829063|01|2037|317
4674210159847688|00|2033|421
4789559729025671|02|2025|222
4781089433732881|05|2024|744
5611436825162043|05|2034|281
4357799894943610|01|2034|376
5539583644365045|04|2036|949
5606259857606313|07|2034|673
5698346067743260|01|2036|365
5383859627445763|07|2036|323
4134811939411676|06|2025|630
5148079675099999|05|2026|735
5250957039572301|09|2027|712
5352713703411302|00|2036|146
4564746433863862|07|2034|641
5487003357982086|07|2026|039
5911217144136999|02|2034|277
5291518707533757|05|2027|028
5940162653193656|07|2037|387
5037801544467951|01|2034|300
5710295186426691|06|2037|307
5407496151749481|03|2033|241
4919732657571042|06|2037|434
4671106801671427|03|2024|299
5401583661392295|07|2035|533
4651931707122673|02|2037|184
5188508501551219|02|2026|662
4877381120485821|07|2026|402
5686630286585026|04|2033|440
4599661350201412|06|2036|475
4633515337730339|07|2023|024
5789499428000828|05|2024|909
4278927202038099|03|2027|197
4576646183935689|08|2033|916
4030997810417576|06|2023|119
4144028065135704|09|2025|654
5911962443540591|04|2037|639
5970693881195622|06|2034|118
5832973872871844|06|2026|134
4530677011465338|03|2024|342
4635857683039680|03|2026|929
5120372388776035|01|2037|102
5982966375192032|05|2026|876
4182062495765108|02|2027|116
5469282502418598|07|2026|668
4477648935002788|04|2023|805
5718367525495360|05|2036|051
5582349215329869|08|2037|031
5188108882236818|00|2024|461
4060258964823552|00|2025|625
4318044561233583|07|2026|149
4354552582009082|03|2036|704
5306745048215644|03|2035|898
5004105311562849|00|2033|088
4011371965774221|03|2026|186
4478705554696580|08|2027|875
4874227444136562|06|2025|815
4194558862379931|00|2023|681
4317185180434783|05|2036|707
5059003117187743|08|2023|260
4869924571786001|06|2027|309
4537639250206385|07|2033|897
5946475992334052|04|2024|645
4933345074669278|08|2024|308
5227010932785300|09|2024|251
5101571821121294|07|2023|673
5558730655272406|09|2026|169
4733923737093646|09|2027|155
5487720579054355|09|2034|154
4814460123362448|05|2026|719
4530982911528891|03|2033|322
5258243361951138|02|2034|648
4918490865940688|00|2023|313
5722220312833945|00|2033|647
4004643731821775|06|2024|877
4968377376606653|00|2023|072
4086779374692659|09|2027|247
5838758837062908|00|2023|488
5499282839705659|02|2026|703
5952284804545069|00|2024|192
5776910803470448|02|2024|524
4072581292517050|06|2037|352
4804903712891031|01|2024|124
4907033790267819|04|2037|205
5537937044591900|08|2037|815
5679123429795802|09|2024|864
5075086871257474|01|2036|954
5328819510115240|07|2025|880
5506475595598418|02|2037|273
4180416752883073|00|2023|926
5069040993197566|07|2034|434
5369219358405935|07|2025|894
5059867924379409|03|2037|054
4105348293187458|05|2033|309
5325364615569310|04|2023|927
4452018772800454|03|2025|801
5504278028825183|09|2036|001
5018443660250400|06|2025|828
5748169592448386|09|2026|892
4030586217230069|09|2037|991
5655844809701174|06|2024|352
4493191793946626|00|2027|850
4266924973899601|08|2037|788
4011593167398317|04|2036|048
4129163154197296|09|2023|698
5861795405202629|01|2037|246
5455108603587660|06|2033|453
5070028395322993|03|2025|396
5873900711284713|02|2024|863
4488265250217293|04|2027|074
4233683191742276|06|2036|898
5602090185216410|09|2026|822
5852662280093812|07|2034|356
5176805058818299|00|2023|775
5979057650059292|04|2034|152
4058850737531896|03|2026|554
5249741055508934|03|2026|849
5613413336345999|01|2035|497
4979175395045432|04|2027|165
4898808055762278|08|2027|389
4764944308668280|07|2027|757
5756193260509869|02|2027|227
4611915919307412|07|2025|726
4350586847134245|08|2023|837
5875075354949760|05|2027|094
4597734098778258|03|2035|629
4904418850701529|03|2034|472
5973931291287635|05|2026|791
4639845265759280|03|2024|051
4787420238565940|03|2034|772
4868322712341711|08|2023|607
4732678471150493|07|2026|811
5869337690333253|09|2033|070
4673353077445567|08|2024|963
4020663855343204|00|2035|781
4698385696549855|04|2034|769
5219513965085639|06|2035|465
5793616787446184|01|2037|556
4324222111023437|06|2027|480
4517235817212876|04|2027|634
5355341043538336|01|2024|072
4469835510094973|09|2035|267
4852201360439279|02|2024|391
4438641783156008|09|2035|617
4114816857378019|02|2027|858
5321467797889673|09|2035|314
4833734390431079|05|2036|029
5662055196124654|07|2034|125
4337327777987628|03|2034|708
4391608617731672|05|2026|724
4581331530544562|06|2035|386
5767416197897952|03|2026|382
5844380765438568|02|2034|131
4130735725230213|02|2027|364
5058504529107096|04|2037|680
4181725858580078|03|2027|367
5228496123009672|02|2036|525
5044731498868177|03|2027|825
5213474562283096|03|2023|035
4718990246655398|06|2035|906
4439165988642667|04|2036|881
4088897210427537|08|2034|249
4460258147463272|08|2024|755
5633685112565601|03|2026|347
4763417220029029|03|2033|625
4459827977268699|06|2036|623
5526207201711054|07|2027|720
4977569383948805|08|2037|098
5348251074715997|06|2034|119
5061408906603262|05|2027|310
4712770270094992|02|2023|614
4881535181062378|02|2027|986
5408586375735696|07|2037|097
5995155325495164|02|2025|044
5735594058417546|04|2036|533
4602344675464839|07|2037|857
4016659913019807|02|2036|213
4589238472341774|09|2035|776
4299862962271805|06|2024|417
5587012534216255|00|2026|940
4054870938344218|08|2034|080
4487051209202248|03|2033|829
5984336569042046|05|2025|881
4175523103855360|04|2023|583
5732519564452049|02|2025|693
5456993444164903|05|2033|320
5484145240751992|03|2037|280
4014345775815586|09|2035|639
5785601600752407|02|2033|535
4773184082247878|02|2034|165
5785522871477635|03|2034|092
5271957505455582|08|2023|737
4811329720631001|02|2027|137
5760288527701884|06|2035|086
4931506969336310|06|2025|799
5598058980742428|05|2024|085
5215467762336807|04|2037|976
4860461597004200|04|2034|013
4775898807736575|04|2024|579
4073167907121298|00|2034|940
4928137752776305|07|2026|553
5545855613161695|03|2023|850
5190583964516049|00|2023|741
4190689257212560|04|2036|936
5797977418612915|07|2035|121
4818230405240974|09|2025|495
5609454771094188|09|2024|372
4989703015039073|08|2035|091
5407005956954180|06|2025|963
4768917282969449|05|2035|349
5861462426643829|06|2023|126
4208517429148002|08|2035|766
4787883207055990|03|2036|454
4988943385855754|09|2034|395
4840204408751246|01|2034|996
5187207158861868|08|2037|699
4465381972125322|04|2037|452
4177099951483699|00|2037|146
4990371912444141|03|2023|912
4590860394368431|02|2025|901
5257532530626995|02|2037|032
5168429707868496|04|2034|649
4952110644331473|00|2035|719
4040638751186400|01|2026|559
4198980974012947|04|2037|976
5514156671982573|00|2037|629
5929466171126644|07|2026|057
5507367889647285|07|2034|804
4957266382535898|07|2026|110
4364471635134773|03|2023|631
5416567625410825|01|2036|804
5015682482981170|03|2033|877
4957986853624798|09|2034|991
5079996616343163|07|2026|679
4366252597379939|09|2026|851
5865008239079442|05|2025|373
5063581123734332|03|2033|419
4631006463958610|03|2026|880
5544555256816130|07|2024|570
4172213638274915|00|2024|888
4021402777284382|05|2033|579
4060432027767879|08|2025|846
4054583156385980|00|2027|852
4604533593997097|08|2037|799
5374957817401649|05|2037|953
4645167792828889|00|2026|657
5113677194023550|05|2036|039
4646485065330047|01|2025|744
5564788308521846|09|2024|320
4578177322946446|09|2033|098
4741808160020137|09|2036|646
5018071415345915|06|2035|044
5641194167422948|00|2024|717
5779807856174626|04|2037|979
4953249323721587|09|2024|778
5387551187846939|07|2036|837
4286919554822679|08|2023|972
5036051821542294|03|2033|209
5802970531813575|06|2023|524
5944778325626832|00|2023|984
5899652901545129|02|2027|835
4423991071034669|03|2023|098
4315330669356681|04|2035|202
5703773483852894|03|2034|300
5725512314056704|05|2025|036
5018514699527410|06|2035|352
5467452905158004|06|2023|705
4133524133772919|02|2035|745
4099977677282365|02|2025|176
5979109508257608|09|2033|204
4526378865216162|01|2037|782
5762674992839191|01|2035|336
5188802544022917|05|2023|237
5323864816833092|08|2024|755
5940081724466453|03|2024|392
4086370869708634|01|2036|571
5251192752114034|09|2035|255
5486100256826410|07|2025|044
5766572805691036|01|2034|592
5124504525085655|03|2023|836
5920811392043099|08|2023|131
4379236974644445|00|2035|623
4092233766156025|07|2025|503
5615226729887808|01|2033|402
5075487069920080|01|2034|346
5376676827396067|04|2036|947
4281374603694763|02|2035|038
5119521372858560|00|2025|094
5325274904899330|08|2027|520
5703815841623045|09|2037|838
5288007028597670|09|2036|789
5656528612005909|02|2035|507
4287697374326408|09|2037|720
5011449551963235|08|2025|700
5564048490123385|05|2035|032
4719577103924483|02|2027|863
4601997255852429|03|2036|094
4286621753266760|08|2037|511
5381456177765709|08|2023|920
4588170462925348|07|2036|322
5472538059705658|03|2023|500
4770498060499983|07|2025|987
4199050806507386|04|2026|090
4151301633554844|06|2025|010
5736695427236997|09|2034|861
4416470444552867|00|2036|845
4382549552518146|03|2026|039
5550831834748868|02|2033|584
5882113041277801|02|2034|972
4097295987183332|03|2025|962
5695691459302320|03|2024|021
4942478812198124|01|2026|022
4963110901563080|07|2035|821
4960009647252921|01|2024|701
4463213729131188|04|2027|361
5213663298501133|02|2023|020
5370242497118690|09|2026|427
4543626654595027|02|2034|149
4774951433449230|05|2026|983
5336920272758769|06|2025|731
4601075902961788|07|2023|512
5469922976591331|01|2024|008
4641815483815547|05|2023|232
5990854260146952|02|2033|858
5138159651273433|01|2035|694
5205997571818755|08|2024|002
4645717492492132|03|2023|555
4420093156364146|02|2024|859
4582608683722776|06|2037|921
5552085115724800|02|2027|996
5455588241150420|02|2033|239
5773063519475439|04|2035|708
4511165986233245|03|2024|827
5276034297607429|08|2036|028
4426247323292077|03|2033|928
4848503651193220|03|2027|851
4102629687799521|07|2034|621
4234589521682933|02|2034|617
5049735793002365|07|2035|287
4714291543368819|07|2024|156
4929210065723250|06|2035|535
4040095587816635|02|2026|090
4037303669291734|08|2035|042
5182880886911532|02|2026|535
4721576915543611|02|2034|309
5447182355814476|02|2023|029
4027636563751547|09|2036|709
5664445461450428|00|2026|459
5036976747934888|00|2027|252
5773178185075348|02|2027|330
4180233945332116|03|2027|094
4839342806464115|02|2034|473
4213928053147785|06|2024|935
4637456053555329|03|2034|857
4444052937919556|01|2036|390
5134493689458482|05|2037|450
5955565510096204|04|2025|290
5830161759790803|03|2023|623
5879411657900876|05|2023|818
5783614620035008|05|2027|587
4407645005914239|08|2025|936
4440732373679413|01|2026|312
4475818514785573|05|2037|837
4760639185114821|02|2026|565
5058135348175439|08|2033|381
4857559570159257|09|2024|128
5682494363577807|04|2023|855
4182123837123061|07|2025|502
5998243801189095|01|2025|936
5315523305501180|01|2035|811
4707554522129501|04|2025|828
4264481466329323|03|2023|876
4804105529248741|00|2027|751
5722818776747002|02|2035|428
5393323004186474|03|2027|758
5064127504863254|07|2036|555
5026145507740973|07|2027|448
5571380436333506|07|2036|628
5482892773553095|08|2034|208
4675245371117799|06|2037|299
5634208855484364|07|2027|959
5779238001322526|02|2034|408
4851832410229378|06|2025|741
5550549796805217|05|2033|235
5462225047621725|05|2034|549
4509366757276427|00|2036|933
5818946158369775|02|2024|697
5177010711693721|09|2024|609
5868655913173038|08|2024|905
4205394612467350|03|2023|047
4623056788176106|02|2034|470
5022549062764981|09|2033|291
4345532376418610|04|2026|958
4769426090882086|03|2033|865
5008262729455372|02|2036|666
5807822841316046|05|2034|773
5839997996620737|04|2024|369
4591303573950749|00|2027|496
4370072722284044|01|2026|747
5230984568650405|06|2035|715
4834400269208972|07|2025|479
4603710816951784|08|2034|379
4845348540369602|08|2027|859
5822294996574935|01|2034|430
5730367713040981|04|2026|884
4353149156210682|01|2025|748
4062557570024423|07|2026|107
5696139844659726|00|2034|939
4537648531385854|03|2033|309
4127802681355976|07|2023|583
5794667512186395|07|2025|742
4605057677324081|07|2035|618
5201248985838491|05|2035|643
4722571722245265|03|2023|938
5121237913465475|06|2037|878
5480099363761210|05|2024|670
5509434419177372|01|2037|733
5655768902627116|02|2037|579
5752630734412000|00|2033|056
4132962592220253|03|2033|906
5384648914794505|09|2034|742
5255380383225504|04|2023|578
4345758658685195|09|2025|542
5572297259242348|08|2025|174
5228661096549210|04|2023|847
4370801096221659|06|2034|903
4685705984164774|09|2027|801
4146171757633683|04|2026|354
4746947197992605|04|2024|838
5880145587843595|07|2025|422
5894694224203324|02|2024|994
4543520988263406|08|2024|885
4198170446570864|09|2025|142
5957521233261547|03|2036|941
4273833862102397|04|2027|187
5343081249175553|07|2033|420
5740450597140130|05|2024|993
5658988633638553|07|2037|530
4529134736894340|01|2026|333
4875151406443811|00|2027|278
5045822379299690|04|2037|845
5297968495458788|03|2033|014
4074175216805432|09|2026|295
5567926180029309|09|2025|574
5004085444887161|00|2035|966
4341711412136528|09|2037|753
4297985787145074|03|2034|927
4822552140132270|06|2036|768
5734300812605153|02|2026|890
4845136259017921|08|2024|934
5523191958760596|06|2033|576
4067304512360353|01|2024|090
5837244044292973|06|2025|287
5386074954998779|05|2037|718
4095468548480999|04|2026|093
5943575706667859|08|2033|481
4899234231018377|09|2037|318
4287331302845132|05|2035|400
5719302282234164|08|2033|493
5870844983884613|06|2027|230
5192199556551779|05|2023|512
4751382661467232|00|2027|333
5412022779238246|03|2023|965
4279340667507874|01|2024|431
5762431642210389|05|2034|180
5480083013667993|01|2024|103
5719263998423911|07|2037|328
4139539306516254|08|2036|344
4593806461089542|08|2037|664
5885363104211062|03|2033|151
4768831328192808|08|2023|666
4532864770143742|01|2034|502
4668812399919054|08|2037|895
5241874520749711|03|2036|751
4234067193048033|08|2035|245
5545190095824714|03|2035|986
5230953578054697|06|2025|322
5473644629861391|08|2034|426
5711280774610002|09|2034|096
5625532396800908|08|2025|646
5350523267990953|09|2025|805
5852921546855825|03|2035|716
5287785583703864|03|2033|997
4013289576832743|08|2024|227
4697407755316294|04|2026|745
5648084209090672|05|2026|987
5048262101854506|06|2033|644
5286559453605731|05|2025|032
5793940276712041|04|2036|774
5217126262961471|01|2037|366
5425012630673514|08|2036|296
4966328668574914|03|2034|699
5458455593304772|07|2034|104
5118534680909987|05|2037|718
5422895114452554|06|2024|646
4362024261983487|07|2036|378
5104590718257674|00|2024|952
4560308998796608|00|2023|438
5079476674320776|06|2027|970
4992373782554456|00|2024|665
4916245548372114|00|2024|224
4335305815565570|01|2025|357
5199122680415456|01|2034|898
5087838239539904|05|2024|496
4997243172019281|07|2033|119
5372197859589139|06|2036|823
5851815935298514|08|2024|489
4254840790059174|05|2023|077
5647876743497844|01|2036|269
5524253479157251|06|2024|687
5171901960821559|08|2033|107
5398722698889845|06|2023|595
4721953819107751|01|2035|364
4949488026176984|02|2024|694
4651347328232691|08|2024|862
5109317320858140|00|2024|911
4407034984249149|03|2034|282
4182349878835665|04|2036|753
4577792163590624|00|2026|241
5790075008636182|00|2034|927
4302527974445401|06|2027|692
5168664006495644|02|2024|804
5833242438013194|04|2024|971
4545448267303498|00|2023|712
4763069236113957|00|2027|258
5480340886733661|05|2026|737
5353985827228582|07|2037|848
4319941574891195|04|2037|088
4160081880620153|09|2033|913
5906796165898418|00|2034|350
5051109604701360|05|2035|151
5356125148410796|02|2037|334
4122230864540349|09|2035|124
4863305663194398|09|2023|354
5470922120679280|02|2027|675
5320889274561272|05|2025|015
5197923175830837|01|2036|905
4650062907156376|04|2037|260
5672931703637482|03|2036|960
4842250245008711|01|2036|067
5064426232651006|06|2033|249
5232518730014573|05|2024|871
5352382364105240|02|2024|112
5613033890100962|03|2026|430
4859787985585497|01|2035|821
4911052479133300|09|2025|630
4002210767263783|09|2024|217
5914314573733814|00|2024|659
5637243101497330|01|2025|330
5316276593832035|05|2024|606
5909554470897303|07|2033|514
4088735807140926|09|2023|885
4517995435869221|09|2024|227
4923386924923620|00|2036|651
4073609828522315|01|2034|693
4116889141681931|02|2037|403
4085736486998655|01|2036|547
5049893798640149|05|2023|241
4331195621457133|02|2037|633
5007445770806543|09|2035|426
4734986569013401|05|2026|345
4664859739193170|00|2026|336
4626654675233123|04|2037|374
5825758283034894|05|2025|949
4571157451429739|00|2025|378
5399866507786617|07|2025|336
5649918511890272|01|2027|572
5919613780854900|07|2034|859
4164007369587214|07|2037|703
4833886620468407|05|2027|736
5765392818947115|07|2023|638
5767699880064380|00|2023|520
4499015700574467|06|2027|351
5022546374822686|01|2027|517
5059743520962995|01|2035|018
4983395305590799|06|2037|042
5317907278176801|02|2026|367
5882170731723326|08|2035|804
5411161216945480|05|2033|810
5727410619134182|01|2035|107
4652185200565593|02|2025|758
5461558255457693|00|2033|383
5162405725890545|03|2034|763
4188871677495931|07|2024|953
4739159890901846|09|2035|328
4348744804260806|04|2034|825
4727172013500632|05|2037|092
4657967108482634|08|2026|003
4412007190715901|05|2033|774
4281344181076837|01|2036|830
5925759716163906|04|2027|020
4575575059014413|05|2034|138
5027717906408302|06|2026|660
5178859559247261|04|2024|535
4136104453784864|06|2037|856
4307045936151491|03|2034|702
4888137802002056|02|2034|775
5865649242629224|05|2023|448
4118256500425951|07|2023|975
5488632746688671|03|2035|202
4122844156663148|04|2035|547
5800560640085272|00|2027|642
5460690739678467|08|2027|711
4727846344541896|02|2023|410
5795618225631014|08|2026|682
5021267067938367|00|2025|547
5511225912388155|02|2024|257
5133882194220816|03|2024|623
5272530768468167|08|2023|516
4118876345638247|09|2027|655
5827945465889404|09|2025|563
5566425501772360|04|2027|831
5318988141230666|02|2027|361
4291099469880152|08|2035|382
5555132867892844|04|2023|869
4249292537981471|07|2037|270
4845116596341888|06|2037|053
5327209321562960|05|2034|811
5513737535520479|05|2034|265
4444435504595263|09|2034|497
5265221242011256|04|2027|748
5680883836038468|01|2025|508
5417939754347255|07|2027|738
5856182807234439|02|2023|519
5725590274879931|02|2026|393
5292462283446214|00|2035|693
5886584089855545|03|2034|584
4629855228648091|06|2023|356
5820982549839689|03|2026|041
5170485569847041|07|2023|178
5851782460853171|07|2034|910
4657047629742242|06|2036|758
4688459653800044|03|2025|606
4758222647665019|08|2034|121
5890164889473212|09|2034|947
5752427553005587|06|2026|831
5115501340881199|08|2036|638
4500805168845854|07|2026|581
5512392419560895|06|2035|407
4408136109089126|00|2034|796
5666501311990928|05|2027|380
4098636987312616|01|2025|578
5431385567978618|08|2036|043
5130240105705145|04|2034|395
5736660575535007|06|2023|077
5085195899441177|06|2023|356
5838617942409072|02|2036|244
5336817193750178|03|2036|119
5766233523336939|08|2034|420
4094250113129905|09|2026|515
5051128709001066|05|2035|605
4531888563436253|05|2023|337
4865412842994593|09|2035|220
5426431477363899|02|2024|460
4201083787063653|04|2033|099
5418559450732013|05|2036|245
4430082181111631|04|2023|561
4251894530615772|02|2026|581
5855985594773288|06|2034|294
4166344879611688|04|2025|198
4710091046780334|07|2026|357
5982773322553087|05|2037|750
4131934597797191|05|2026|034
5369113916628924|07|2033|317
5011959138341865|00|2035|912
4618977886282675|08|2033|638
5952589153642284|08|2023|846
5723487007120468|06|2037|505
4198058404262661|07|2036|310
5152120544694006|02|2033|728
5432956899186205|03|2027|934
4580899280223747|07|2025|391
4082673772572930|03|2026|223
5113057114747367|06|2023|051
5870521251640545|09|2026|440
4938760436369938|02|2036|460
4858230705907718|04|2037|432
5575516438679946|05|2026|288
4242723238865296|08|2027|430
4835021426701892|00|2024|343
5700359827627963|09|2033|870
5651430228007242|00|2023|298
4606778964930817|03|2033|199
4366138402505263|03|2026|816
5747200060216045|02|2023|094
5066974909502068|08|2034|506
5947608903442441|06|2023|212
5443465778159666|09|2036|623
4742631337841935|08|2033|393
5603745563804101|02|2027|953
4638894164555872|00|2026|190
5661586240153669|01|2036|959
4227568193073740|07|2024|242
5208690529710595|08|2033|478
4780103254375435|09|2037|309
4027012982514474|01|2023|143
4976491504711392|00|2024|983
5419986651146334|03|2026|452
4626015311931284|09|2037|246
5023180899237556|01|2026|358
5800178201803332|03|2034|755
5646069910142310|00|2023|088
5632586879371418|04|2034|526
4944634836521340|06|2027|656
5006023606752129|06|2023|117
4455854022681608|05|2033|051
5808478877412378|05|2033|813
4204531677776835|06|2037|690
5514592588580522|03|2023|088
5642450618359297|06|2024|215
5475089284635242|01|2034|729
5788452028392489|05|2033|444
4728518361932725|04|2027|631
4839001612480432|04|2023|314
4293549581609987|05|2027|199
4819757440148278|05|2023|472
4050041300782785|07|2023|559
5785191299253337|07|2033|871
4766469361500564|06|2024|663
5299323381858660|04|2034|492
4936954370952434|01|2024|782
4121912662608959|08|2023|928
5830024326658598|09|2033|184
5990584614429647|01|2023|049
5490930256995956|01|2034|805
4847477175093956|09|2035|729
5423980749594541|07|2034|415
5267227687454704|03|2036|226
5011323103067746|06|2035|907
5257644012368681|05|2025|677
4783322638083588|07|2035|070
4039868692055004|08|2033|522
5961161895667417|01|2026|364
5907729248811310|04|2034|911
5738071016462902|03|2027|269
4000716513101834|04|2036|532
5063343863916043|00|2034|617
4717939600783844|09|2037|902
5923230582109838|08|2027|582
5011834683268119|03|2025|711
4790783404447109|09|2027|171
5388057033432567|00|2026|559
4968806381568067|08|2025|059
4511749383419418|09|2024|529
5424413953338851|06|2034|716
5225885884334647|05|2027|889
4040233334683335|02|2027|848
4029766234226269|04|2024|796
5932861217593158|05|2033|513
5437966784023516|02|2024|969
5263001817157864|08|2026|549
5249389519735980|08|2033|906
4925374305018386|05|2027|355
4049817440209352|06|2025|203
5798004487366682|06|2037|181
4972244382096540|05|2025|425
4727287090087096|09|2026|902
4366835350119597|08|2037|876
5735347971479127|00|2027|140
5911359601817528|03|2025|351
5635137848126441|08|2037|893
5496367170856346|03|2025|640
5082630494391593|05|2025|172
4445936866732380|03|2025|263
4765879629441460|07|2023|189
5557322864087030|07|2033|172
4598875743552441|02|2037|748
4796029715193123|07|2024|709
5862124016982769|00|2026|140
4317676314853031|01|2027|133
4471616562686928|09|2036|038
5188841007781008|04|2035|192
5541642213160498|02|2024|149
5529478084972045|03|2033|648
4030676132824400|02|2034|588
4324119626589258|00|2035|129
5305633406427886|03|2023|035
5896568520450566|03|2027|471
4299823530059817|01|2035|311
5477804167025079|04|2037|062
4204675410553305|07|2034|801
5538196803352868|00|2024|685
5392084198822812|08|2024|686
4572979485174189|01|2026|591
5940572091143545|00|2025|378
4141797109190049|02|2025|717
5479416143283243|06|2034|323
5305451198376047|02|2034|264
5600992475728166|01|2024|144
5218822840467817|03|2036|057
5316716092972613|01|2033|555
4128885181328218|02|2024|203
5531782632644050|01|2023|366
5103104697880534|08|2037|238
4770668574576283|06|2023|829
4940361991734584|00|2034|772
4057834754165702|08|2035|466
5478896335152663|07|2023|525
4937743980517466|02|2025|000
5166179557844905|02|2034|385
4343892298298259|09|2035|147
5843007957724305|04|2034|043
5154602975267721|08|2025|697
4235130000303695|03|2034|421
4938390058711497|08|2034|320
4164283469602261|09|2027|170
4982907483785415|04|2025|464
5411440225560886|07|2034|399
5071497142025901|05|2033|382
4103341907507380|00|2025|389
5624965259597560|06|2025|866
5867297029616323|02|2025|511
5843836931525941|02|2035|343
5868439391019236|05|2034|408
4615866725477186|08|2034|699
5978054998580106|01|2035|585
4312608204656936|08|2036|699
5484244330220196|07|2026|949
4389474911287943|00|2035|846
5009197328469211|09|2035|905
4877892833254679|09|2026|378
4207802473204310|09|2035|139
4883580313824336|03|2024|320
5459359734635558|00|2033|683
5781026118542709|01|2023|346
5124516622284612|07|2034|400
4997603022583049|00|2033|024
5672084507862621|01|2023|804
4368807190218363|01|2035|273
5899193715073324|07|2024|499
5243442712978074|01|2023|532
4640267648157541|06|2035|327
4324045256877346|03|2024|399
5216469086510654|05|2033|940
4169998676624216|02|2035|060
5136369239857593|03|2024|242
5486209375924992|03|2023|709
5586077594250927|05|2025|316
4709413159216554|07|2023|507
5863892647967782|03|2026|600
4229533462650217|03|2023|604
4814891623347460|01|2024|774
4224876542193271|05|2036|147
5396212366104282|04|2033|687
5787715832203347|03|2034|691
5233434348452435|05|2025|925
4000209545256069|09|2023|214
5808367732468094|06|2025|195
5858683845692152|01|2033|742
5548488711376443|06|2036|390
4859284058371394|03|2024|031
4318693898295697|08|2026|786
4053030456048593|00|2025|413
5100277448578408|08|2036|986
4791564095419452|00|2034|443
5525325383673171|00|2035|410
5946870140036364|01|2037|473
4148703136963887|04|2026|345
4152621920609666|05|2033|442
5872934468232953|01|2036|985
5330291851364242|08|2024|369
4869097603917367|06|2035|035
5585551171726778|01|2023|963
4450627003329092|08|2035|720
4718628514133037|06|2026|276
5155081749011046|02|2036|237
5898958138810018|00|2024|561
4554588719523343|05|2035|348
5780368108699752|03|2035|785
4527450025637583|05|2036|304
5625785547616915|02|2027|019
4579863489416819|09|2034|522
5435092377932748|08|2033|938
4524756618430434|05|2034|923
5051758467967509|04|2025|967
5561621566792821|00|2036|957
4345146250321958|09|2023|669
4727633003984021|06|2037|193
4879104483120016|06|2024|203
4263429715154244|06|2024|552
4461255198148304|04|2023|411
5704206083274971|00|2036|892
4594305536448589|05|2034|153
4492388693205602|04|2033|372
5224948580116213|08|2026|770
5516255007305123|06|2025|371
4676926441274017|06|2036|602
4934711753784440|01|2035|590
5540685804982571|05|2035|403
4607863403666888|00|2026|231
5422001704259868|02|2037|307
4277488327521293|06|2036|219
4171270387189621|07|2027|633
5378869168000176|08|2036|609
5106215854808828|03|2033|740
5900846895054127|05|2033|615
5995085508666032|08|2034|081
5212425696771360|02|2035|458
4875745114187504|08|2024|679
4939201409812986|02|2034|197
5921525022131184|06|2027|752
5937789388257947|05|2023|893
5900310217177896|06|2027|208
5459034880828192|02|2025|992
5244863547345773|06|2024|621
4879983295245734|04|2025|022
4835565077066206|00|2025|008
5056534826399278|03|2036|030
4286557730988343|04|2034|521
4952937878559337|07|2027|723
5073525874541312|06|2034|697
5055203609754325|08|2033|239
4521872832422336|04|2034|065
5157561784641847|05|2033|601
4056919647935752|04|2034|897
4264488070780744|04|2023|992
4188173902855947|02|2034|645
4588235519328651|04|2037|616
5385995259827072|06|2026|446
5380738954157619|05|2033|312
4834424333555735|02|2034|487
4470213637323894|08|2024|927
4588961181259862|08|2035|517
4989821410167709|08|2027|596
5882252014937794|00|2034|217
5515818324500159|03|2025|743
4589305139868625|02|2034|540
4723905627161196|03|2026|401
4420042240562653|09|2036|542
4183396638823499|08|2034|942
4785685732595426|07|2025|333
5502480201076393|06|2035|015
4090311100069788|05|2026|485
4028841433426852|01|2035|427
4356395263045190|04|2027|603
4157310518414755|04|2035|638
5484083109902721|04|2024|376
5309065834045621|08|2025|349
4651395917318519|08|2025|526
4360479522594999|09|2023|309
5843797677119348|01|2036|077
4222141799225164|06|2025|674
4026462904648424|04|2026|600
5182469363959937|05|2037|110
5871267899850420|07|2033|849
4958841449663609|03|2033|348
4816877190643347|08|2025|190
5280917678306432|00|2023|654
5268945203971495|09|2024|807
4774056405367376|09|2037|184
5677941383782040|09|2024|457
4759431344614884|06|2035|784
5777854942843306|05|2025|590
5689274256945218|09|2035|987
5825223081575816|06|2033|174
4352116482485554|06|2024|435
4197813343168121|08|2024|708
4014479923120480|07|2036|724
4512606276450331|03|2026|833
4245459989006255|06|2024|354
4659731694288117|00|2037|140
5561528544720443|06|2027|745
4014579381174176|09|2037|292
4746185028316032|02|2037|277
5667340847078185|07|2033|757
4106279429774561|06|2024|801
5901108591155222|07|2023|407
5462913958790411|05|2024|171
5349667204139396|00|2027|312
5740990008731394|01|2024|280
4846354973346156|03|2037|440
4508305986638028|01|2034|098
5170119738753124|08|2035|763
5759534794762847|03|2024|314
4667047648674098|01|2025|577
4100047201474372|05|2035|756
5487749324669921|08|2034|202
4300735036921596|02|2033|333
4514062353404564|00|2034|059
5107650297023480|01|2023|366
4582245750545893|08|2034|501
5589944578694561|07|2027|327
5979362643666483|05|2025|795
5471040952957880|04|2036|327
4232758308213658|05|2034|565
4545795869577296|08|2036|519
4935191939796820|08|2035|506
4229696453928616|07|2023|978
4867234661031308|04|2023|903
5891269263395607|09|2034|571
5378491629273440|01|2035|443
4247831998759462|04|2034|003
4959083146649087|03|2023|569
5028562159949672|07|2024|664
4927828782609800|00|2035|091
4837138822664912|06|2026|843
4216305269092964|00|2037|120
5893765408550456|09|2033|432
4493529685722645|06|2026|518
4922796120558081|00|2023|334
4019670252525413|04|2025|055
4673561002210328|05|2034|013
5522711075414738|04|2025|277
4281027439376593|05|2027|878
5565562743583061|03|2034|847
5280875891916385|01|2024|737
4647056233346916|00|2036|327
5549469045124779|05|2026|367
4872562633768317|06|2035|899
5288330552193318|09|2035|160
5041626062958157|04|2027|501
4157202433378892|03|2036|965
5267868134981925|00|2036|262
4748624585158886|00|2025|228
4660163068417016|01|2026|025
4900685555585016|05|2036|126
5943947043662376|00|2037|889
4556507533221905|07|2034|785
5853063204738359|06|2025|682
4832130602356318|02|2037|467
5996458632111767|08|2036|469
5190423922162739|08|2024|503
4577945741959962|06|2036|085
5713982421834581|06|2036|750
5625117808675279|03|2037|124
5516884720189767|04|2024|843
5290894665235197|01|2023|728
4901492809706398|07|2036|296
5109094385725245|05|2034|481
5448934762016678|05|2027|799
5165341642642581|08|2027|399
5500189481184280|02|2037|782
5009533192690418|01|2037|142
5441246370267745|03|2027|413
4050946503524807|04|2026|951
4341660885225479|08|2023|913
4492470017301904|06|2024|799
5004514017676009|09|2033|077
4778923675141538|05|2033|379
4518462020856601|06|2033|067
4062831508365211|00|2036|303
5783766062903263|01|2036|229
4268430174312257|03|2024|916
4196749691272044|00|2037|783
5302422160536299|02|2026|878
4283972812851449|03|2026|219
5099708681781760|09|2036|508
5309783074572341|02|2037|984
5686003520865795|06|2037|056
5695902803446646|01|2024|370
5062948762415312|06|2035|285
5950520154458492|02|2037|514
4986612514741050|02|2037|989
4355540097464842|04|2034|072
4570095701350527|01|2036|422
4589205411540824|07|2027|536
4551643811982451|00|2037|688
5425806793132071|07|2035|905
4227534076201531|07|2036|930
5097925198395623|03|2033|210
4838934344096063|03|2024|586
5282450786507810|08|2023|456
5581248892509310|01|2026|618
4746508528185383|05|2037|987
5698111757966558|06|2034|828
5160175312069431|00|2023|892
4092216034251773|07|2036|078
4315888159637597|09|2027|462
4252806067946379|08|2025|483
5201586984823575|03|2034|628
5355187314311262|03|2033|081
4957448519910177|07|2034|607
5710326403543329|00|2037|426
5745905252061284|03|2036|196
4186559866594434|03|2033|172
4750003587457189|01|2027|405
5378753647806054|06|2036|255
5658115222411480|01|2023|558
4297624195036272|08|2035|044
4870987206480535|06|2034|542
5299769974687547|08|2036|263
5865790050354456|07|2025|174
4976348556272155|02|2035|458
4175982739664871|05|2037|857
4972705355051826|06|2026|347
5943849242055183|02|2033|975
4417461626320465|09|2036|666
5151906824539805|06|2024|448
4839349027885817|07|2024|565
4518522023055384|04|2024|577
5506355577296088|04|2024|971
5890544075588786|08|2023|355
4759877037687703|04|2023|608
4603844273224169|04|2026|754
5419614403148608|07|2023|280
5666648403279780|08|2025|268
5070101351583143|04|2025|726
5504447177704370|02|2035|105
4457330018520693|01|2037|034
4825241428801224|01|2033|901
5261610328887245|05|2033|146
4375051413674248|05|2023|586
5956675886421880|06|2027|546
5362322680642224|05|2035|674
5943134700055423|06|2027|501
5333297711925822|07|2035|780
5545205889763348|08|2034|286
5428714038412977|04|2025|749
5669372398962324|06|2027|161
5476703646653604|03|2024|506
4458613940458621|01|2025|414
5627568363737168|05|2035|910
4994960878042286|02|2033|562
4520781922787835|03|2024|883
4051111460201492|09|2025|089
4656023022885492|08|2033|794
4432200278219477|02|2024|983
5040667756083020|03|2027|192
5029231028802117|09|2033|512
5972354815120432|03|2034|664
4546856707280207|09|2034|262
5982135692840642|05|2023|898
4985832899310140|03|2025|947
4222763843763960|01|2024|102
4549541198848685|06|2027|630
5212442273842034|09|2025|130
4771897847411031|09|2025|379
4416227229659617|09|2035|688
4253597632380812|07|2023|966
4331436288982169|01|2024|509
4541720991648166|03|2026|164
5961284591126739|09|2026|541
5432966119865027|09|2036|278
4119279822339511|09|2037|264
4929882023633045|05|2025|365
4011135304832646|03|2036|619
4042241342659911|05|2037|694
5769770117216155|07|2026|526
5629585238904325|09|2033|092
5871371665497425|00|2025|622
5676375628515774|06|2034|153
5355097610519200|07|2027|140
4427274688110109|03|2025|521
4948123167556740|05|2025|463
4859501136802187|00|2035|647
5291823385892809|08|2037|455
4945892797218315|01|2035|307
4142966654323810|02|2023|871
5462133631550034|08|2026|648
4871128066184707|07|2037|697
4873452874545375|06|2025|169
5433137052524146|05|2026|433
4775170922492874|06|2025|786
5784813043072806|07|2037|098
4553250514969231|01|2035|666
4748861816545172|03|2026|330
5848986008227722|08|2026|752
4882720904421780|05|2033|955
4643195126993547|06|2026|017
5401276830322174|00|2037|214
5167009063946695|06|2035|919
5724427146642299|03|2026|394
5430975532315959|05|2026|267
4067071925954965|09|2037|294
4506772270380047|01|2033|318
5470818134239770|03|2025|157
4410945470803197|06|2023|143
5204088682735150|00|2035|511
5693323477300019|05|2023|635
4852622584529968|04|2024|758
4738325932385813|06|2036|838
5407830887129915|04|2033|103
5448200821037630|00|2037|189
5811317830394266|05|2027|239
5665451700108249|00|2024|002
5451512334465011|03|2027|762
4245130864260124|07|2035|897
5360296733482462|07|2024|689
4096683410924839|03|2035|821
5668476538070570|00|2024|896
4021167598810706|04|2024|408
5093172209782546|01|2033|828
5892475284478963|07|2026|893
5246220695699129|03|2036|662
5108443498191462|07|2027|467
5574085046502831|04|2026|656
5898246641379545|02|2034|624
5796738681078989|03|2023|548
4803317228159724|08|2035|242
4830186124992492|03|2023|229
4994939842896319|02|2025|534
4242388396073772|09|2027|609
4017695903826489|03|2024|264
4609273481512666|06|2035|781
5954568643240150|04|2024|618
4905205049607808|05|2036|215
5330838704827737|09|2027|451
4006366446545373|05|2035|865
5628713511874592|06|2024|827
4348873260849702|06|2026|427
4373414535657817|01|2033|314
5379674404848463|06|2034|691
5853472164064769|05|2035|823
5601211974736372|03|2033|677
4220116046764359|09|2024|394
5986318136917687|07|2026|762
5827680180748477|06|2037|247
4736046330537653|09|2026|110
5336851173779158|07|2026|893
4353998859040209|02|2027|507
4036970478571885|07|2034|112
5521954757708914|06|2035|594
4645721098433856|02|2023|371
4323953591607861|03|2033|652
4804869523693775|00|2036|087
4531003923384557|04|2035|672
5203987887543084|01|2027|600
4674205343431826|07|2037|277
4703408037404822|00|2023|034
4947575164362265|05|2026|734
5985621387630971|08|2035|123
4707094130278396|06|2034|376
4393532675571284|04|2033|632
5950934009144584|06|2024|748
4108670811109259|01|2025|217
5261257245748658|04|2035|047
4679774654319817|09|2026|439
5011548325389857|00|2036|201
5586759384498294|02|2034|550
4339564360255264|03|2023|929
5049331608153582|06|2037|704
4812534434393933|01|2034|819
4916834442415660|05|2024|787
4288870799089176|06|2036|522
5508514450531162|02|2034|312
4264702981409690|00|2035|759
4461014120723639|09|2035|087
5623503389127931|05|2023|682
4491553086322633|00|2026|481
5158994445688260|02|2025|956
4291853006797125|08|2026|364
4115338495391564|01|2035|278
5112637003666960|09|2027|919
5065599916039843|06|2034|514
4976495978285167|05|2034|416
4143395087233863|09|2027|075
5481240279210937|01|2036|890
5919303061097859|07|2023|489
5021515998261137|09|2023|903
4419768022643512|06|2027|474
5197947392799815|09|2037|287
5814419977817470|00|2033|628
5237884159095704|00|2025|708
5710543490005023|05|2036|138
4474311529327986|02|2033|930
5443460030209090|01|2027|140
4816338402412518|05|2024|178
4971984809944874|02|2035|900
5220385618120272|00|2027|912
5518012931996369|02|2026|767
4363488833967289|07|2034|084
5171457550453541|05|2035|642
5233118316543395|07|2025|589
5871014972797211|05|2027|783
4374137774381534|01|2033|878
5237545819160037|08|2034|918
4766378143445249|05|2025|052
4609711220907283|01|2033|907
4548127261989263|06|2035|272
5585148995727304|07|2034|941
4472880606831736|02|2027|280
4248603418315193|03|2037|445
5697748370290190|06|2024|578
4864432652562037|08|2025|680
4123649943225745|01|2027|629
5476238269725157|08|2036|277
4624241450831351|05|2026|976
5614336114554376|09|2023|151
4500475985308066|05|2034|229
4367541184024271|01|2023|876
5925943564127029|04|2034|433
4879373529150622|09|2035|693
5147659962555600|08|2035|707
4227070105398562|09|2034|389
4044004625125743|03|2023|953
5619027344523410|05|2035|725
4172695862483889|02|2036|732
4216499205117702|00|2036|212
4017708626352118|04|2033|797
5254985186155497|01|2033|230
5379385782806694|01|2026|770
4402900022449156|00|2034|478
5144398646383864|02|2025|899
4823774822550632|06|2024|538
5379396103552348|02|2024|739
5512976277029729|06|2027|266
4333243497620977|03|2023|099
4474146923901814|00|2025|468
4136105134165061|09|2034|829
4828942729011875|06|2035|521
5035001422136438|01|2024|389
5133701343250746|02|2033|517
5755978075022670|05|2027|425
4324773907966697|07|2027|941
5935291573364463|02|2033|996
5495456695726151|00|2036|699
5040266454956266|02|2027|111
5368708377733919|01|2036|603
5978797039251933|05|2023|368
5707073876833309|04|2037|281
4114968794218779|04|2037|519
4023916791803089|02|2036|760
4998065461054836|04|2037|731
4870434015918083|02|2037|705
5508146038371762|00|2034|906
5838774187551348|08|2023|641
5380148891159700|04|2036|835
4018232196705570|03|2036|999
5106909283312030|05|2034|296
5180238781894694|06|2033|810
5405112605718965|02|2034|791
4081020774907190|06|2034|029
5526442542331834|04|2025|162
4290939341088842|03|2027|052
5399738680519458|00|2033|751
5160944931480870|00|2024|267
4492869779388046|00|2033|567
5745504221095025|01|2033|966
5344219804419741|02|2035|768
4966087463575201|06|2036|700
4139824978229437|00|2033|539
5375694313519480|08|2023|054
5581238624831063|09|2034|746
4777924075000768|01|2025|207
4027066247413170|07|2036|030
5273840870322381|04|2025|455
4198572946397083|04|2026|915
4734016458783890|02|2025|868
5470700602660790|03|2025|845
4155378575214461|09|2027|342
5933362451411548|06|2033|346
5884989274080844|03|2033|192
5665771540463591|07|2026|274
5715900701953711|08|2026|776
5589334790749609|05|2026|986
4419840955356509|03|2036|406
5818630525147987|04|2023|449
5023250388812594|00|2036|696
4463805334976026|09|2027|559
4692396808425471|05|2027|376
5341158026995188|06|2034|085
4380615546258784|08|2033|252
4800912320886347|08|2033|995
5563881966458994|05|2024|000
4486451126022729|09|2033|949
5348109452687242|03|2037|069
4498921975511481|05|2026|984
4587298475345261|02|2026|744
5346153478327011|00|2035|057
4916916684011858|08|2023|354
4791830603835166|08|2023|126
5659427870000180|01|2027|090
4640882183921023|03|2025|308
4827522073767443|05|2034|806
4455698241214769|08|2024|174
4073113563573233|07|2024|042
5174440820130227|03|2025|617
4234995010119910|02|2033|901
5532514660666870|05|2036|221
4655923805798671|06|2026|259
4362887896935309|09|2026|385
4591184056428648|06|2026|158
5174691947386266|08|2036|606
5169291627613436|05|2025|374
4684627120034883|04|2025|570
4347462043536474|03|2026|367
5979682791540728|01|2026|303
5177986468035842|05|2037|559
5362779324754001|03|2036|482
4877888093273100|05|2027|917
4723285422365790|04|2025|740
5779980084465500|03|2036|846
4381559690048485|07|2026|949
4718789174498015|05|2027|100
5450766291562336|03|2025|007
5999195508859541|00|2024|153
5448027081396946|04|2037|377
4351782961946193|08|2026|204
4683342550550139|04|2024|797
5409372528302222|08|2023|007
4738625547042121|08|2027|702
4152671235813959|02|2024|411
5238587457370377|04|2033|811
5797263366179657|07|2023|400
5164587523154846|01|2034|901
5701233143195395|06|2037|962
5009869261972991|06|2026|753
4643660614235464|03|2037|728
5615526669034823|03|2034|085
4959469892249174|02|2035|865
4909022041864906|00|2023|491
4420400130634146|06|2025|731
5824895056012056|07|2025|522
4757747824103403|01|2023|817
5676493309535677|05|2027|244
5460425657240378|00|2033|269
5143503023347741|02|2036|322
4249979556829461|08|2035|860
5243453788355237|05|2033|000
5998926880144085|07|2037|151
4608574679930128|04|2035|533
5243817141105921|05|2033|063
4944804481838750|04|2033|779
5930395285121867|08|2023|321
4765586125995115|05|2023|893
5164414562321639|03|2026|589
4805430797953772|02|2024|612
4976337254651991|05|2023|378
4668579316954955|07|2024|156
5062013857862539|08|2034|607
5469418333500712|05|2025|675
5638420783990702|06|2036|982
4418724901153798|01|2025|943
4136739006150848|08|2025|391
4883461491819489|02|2024|882
5045107082208781|04|2027|626
4039723486296534|06|2036|896
4581744577725869|03|2034|384
5778140227947077|09|2035|056
5135456122665341|02|2025|172
5233198962657057|09|2026|729
5900072349718465|08|2034|973
5750990726030240|04|2035|704
4230696804343295|04|2023|433
5055306611262738|08|2033|376
4388335414211500|01|2037|232
4847995722737931|04|2035|334
5707805114035412|03|2027|709
5357046829284755|09|2027|358
4973906519418450|07|2027|972
5896977317736811|00|2023|813
5167581320002614|03|2023|012
5192983030129259|05|2026|404
5373677109910872|00|2034|667
5103006806216272|05|2027|033
4796449514454311|02|2023|508
5432220688303762|06|2023|555
5945681403845008|02|2023|598
4626386521119774|03|2037|502
4222577204721491|05|2023|727
5426186746091707|04|2037|584
4037933661797259|08|2037|692
4235904772942025|04|2026|979
5982928318069236|08|2025|827
5018039679237969|00|2025|901
4105267449034272|01|2027|086
5587588303373304|07|2033|201
4369462862584332|00|2033|107
4978362589467632|06|2027|601
5614826983320588|03|2023|390
4291879069099196|03|2034|211
4290034900758165|02|2035|833
4782716523448556|06|2034|101
4496191380707442|00|2036|042
5010003432680276|02|2034|037
5490554282525322|06|2035|840
4473223788165176|02|2037|481
5355064410266830|04|2024|358
4281132638769651|02|2035|795
4295057348105156|05|2027|340
4754157923685923|09|2037|355
5778447143498856|01|2025|331
4342729959142202|05|2026|146
5664571447167082|03|2024|222
4799704471680474|08|2037|080
5145966990670869|08|2024|907
5837435854213611|01|2037|386
5573221733282130|05|2037|735
4055563919596870|00|2025|495
5657839509466971|07|2023|607
4037150881847511|08|2036|471
4393087513375272|02|2026|255
5020089832438263|00|2035|761
4903335483756208|07|2024|614
4190804897204705|08|2024|823
4562002989121614|06|2033|665
5684329605300642|07|2037|573
5503686356077159|09|2027|200
4461230005905236|02|2034|401
4146185788186508|03|2023|233
5349462228161319|02|2026|635
5374916436432518|07|2023|288
5847669996034282|04|2036|055
5848283754167512|09|2024|962
4885177156013796|04|2023|136
4589175529907040|07|2036|815
4965137476372076|08|2034|478
5988552257971777|00|2036|407
5941417527211756|02|2037|165
4433133933983955|06|2023|705
5639548874299384|01|2036|501
4607521874728047|07|2026|751
4095100769845722|06|2034|155
4341939289264437|04|2027|981
5026402288320860|00|2035|015
4661977064031144|09|2027|714
4337208700898707|02|2024|395
5978363067001988|04|2035|739
5746191291129440|02|2025|907
5846670284026236|04|2027|953
5342646395710063|02|2025|605
5667721739914755|02|2027|909
4250476463024515|09|2037|818
5173970241962005|01|2036|511
5941292884706975|04|2037|365
5592898995601209|08|2024|307
4302951050282681|06|2033|884
5980653744651240|02|2027|391
5281107671221364|08|2023|422
4839529443314227|09|2026|188
4367421995640413|02|2025|198
5867735109528352|05|2037|063
5670082543779099|00|2023|787
5272616081004946|06|2027|562
5292873901588317|07|2025|776
4616838748945834|01|2023|590
4242256718610375|00|2034|428
4900297457169598|01|2036|060
5522115786370653|02|2023|771
4237913606172431|04|2033|608
4766938351724273|07|2025|949
5974397024141870|06|2033|404
5835017866119899|03|2023|231
4831825912611129|04|2036|814
5579923872095320|03|2036|022
4578624485785136|02|2027|301
4009987331461853|03|2037|121
4900305456638853|07|2026|131
4937741769279975|09|2027|001
5160032538226176|07|2036|395
4820845220968717|02|2027|757
5816726300036222|09|2026|689
4927185594842996|06|2033|475
5944226692751595|09|2035|733
4169224526990359|01|2024|634
4532435799184863|05|2025|941
5838738069352519|06|2026|449
5511634266466710|05|2036|404
4520221461030863|05|2034|048
5184740095180182|05|2023|221
5115627384905887|05|2033|661
5809639481277241|08|2035|706
5085291985790192|03|2035|161
4631041134795235|05|2033|613
4713254383788270|06|2034|095
5508831360895827|02|2033|248
5637973987382659|00|2034|896
4327853811264127|01|2026|487
5499718846499659|03|2027|070
5758714378361510|03|2035|692
4010726466578925|08|2025|993
4175135400694903|06|2025|896
4011179470859385|06|2027|432
4971133579661595|08|2033|495
5269469696331419|09|2027|424
5574556838833256|08|2033|947
4066533517720079|09|2023|766
5305921437708487|01|2027|429
4381455891682971|03|2024|992
4637074308608005|00|2023|979
5067124126202407|05|2037|319
4858137480894366|03|2023|139
5009696533767619|00|2033|795
5789821054271243|09|2024|290
5390217465962378|06|2026|451
4179368401037801|03|2033|778
4638203952481523|06|2026|591
4490067793544858|02|2034|726
4670104335870944|03|2037|687
5959208210176309|02|2035|495
5548153987199078|04|2023|051
4780465336255073|09|2024|304
4519382010531298|02|2025|361
4218994933570767|01|2036|343
4249386182023024|03|2033|924
5316581609852993|03|2027|207
4578507862868983|00|2034|865
5578701009400173|08|2035|431
4110727748567160|08|2037|302
5723381397996796|07|2024|939
4494625171599456|07|2035|000
5433501269738544|09|2034|822
5311514082124940|03|2027|223
5246021730678606|04|2033|752
4053121140087307|09|2025|548
4956203444835049|02|2023|363
4270342557440162|00|2037|993
4772770409115514|06|2037|865
4665056946443577|08|2034|960
4255940151541907|09|2024|911
4270094430970707|02|2035|355
4485696585807738|02|2025|183
5776186253972008|08|2025|261
5400849584756715|02|2035|641
4435522399774311|05|2035|782
5648458378788363|09|2033|366
4110908347385216|00|2027|318
4189125193939739|04|2034|016
4797220466910878|04|2033|076
5181914809359447|01|2025|131
5038256624331747|01|2033|099
5821923042971256|09|2036|373
5067939006954557|07|2023|354
5668011881118709|03|2026|045
4096355866476052|07|2034|618
4858235128046585|07|2036|877
5642867728368846|02|2027|098
5282365936357205|01|2035|899
5126862976375472|09|2025|445
4246442249414106|09|2033|032
4864730447075273|08|2036|241
5465283332888769|08|2036|241
5827920362016178|07|2027|040
4844801741340569|01|2035|893
5579567911193375|03|2034|764
5959945255414345|07|2035|300
4404584355292425|03|2027|897
5435168253744230|09|2035|982
5208844218501030|06|2026|745
4030999253355305|06|2024|718
5131867878032929|00|2023|991
4046779875183842|08|2037|195
4555159096356950|06|2033|063
4129523209564257|04|2037|843
4017511836865353|09|2026|917
5144658893984012|05|2036|983
5159084798847807|07|2037|646
5011664554053338|02|2023|558
5716973490735518|00|2024|900
5544325523610856|03|2027|926
5100024898974081|02|2034|954
5288192003679975|08|2033|042
4995565756660878|09|2023|174
4908574284279311|05|2034|777
5420375510786868|09|2025|501
5764989145692357|00|2026|935
5039154995526184|00|2025|212
4400509925148754|08|2035|361
4601868440484937|02|2027|272
5206158160137541|04|2035|280
4712742618834498|07|2027|187
5821980128736746|01|2034|527
4177926066272082|08|2037|639
5040418609602340|09|2037|717
4044048079046890|08|2035|938
5510215876804124|01|2024|815
5694598120520985|06|2035|139
4920199623258371|00|2034|525
4763841588035067|01|2033|732
4538547329743225|00|2033|157
5193742299261389|01|2025|813
5357622088796249|05|2036|951
4347932135305334|07|2026|897
5177811624793916|07|2033|182
4772853626508677|04|2035|544
4296618597459551|09|2035|552
4049501599444430|07|2034|850
5308167927480682|05|2036|580
5151255773694731|04|2035|402
5924926310440689|00|2035|335
4338439562397587|06|2036|980
4324671003540745|07|2024|009
5681521553564315|03|2025|642
4457942487220372|05|2027|284
5983695882919634|02|2025|599
5613101290509732|05|2027|939
4110784862737842|07|2023|724
5524774148354806|06|2037|577
4130027949759822|06|2037|481
4740695019554137|06|2024|117
5110189845497018|08|2023|373
4214484414095824|00|2035|006
4552042793227412|06|2034|696
5018452783816060|09|2027|415
5856191510917518|06|2025|358
5727977153906685|03|2023|790
5449749427586756|02|2034|878
4744293667767967|06|2023|104
5963263738001959|07|2024|643
5433795327238231|06|2026|551
5177746936597429|01|2023|175
5539246967424485|02|2025|842
4826565042431378|03|2033|366
4186222857158327|00|2025|855
5672216116373649|02|2024|017
4032996720572407|05|2037|324
4862365806030807|06|2027|327
5110557462134736|00|2024|161
5929839449864074|06|2023|619
5562403506429054|04|2026|134
4189091769877573|01|2035|384
5956552123748159|05|2026|320
4720207401417448|01|2027|137
5421198829135851|06|2023|045
5512105126984269|05|2037|507
5033177239061715|07|2036|227
4523005767578350|02|2027|460
5953778321324605|03|2027|690
4371083750014804|01|2026|013
4990242411250872|09|2026|697
5364681874433690|02|2027|105
5795424528813449|08|2025|141
4280121704738045|08|2034|947
4260796029897500|07|2037|051
5660222709650979|09|2036|673
5986842890749235|03|2026|773
4218795157091662|08|2027|897
4523885278674014|00|2023|494
4051695954054545|07|2024|374
4130833169469595|01|2037|432
4029643726401979|04|2024|111
4755184789182042|07|2036|048
5304283868458268|08|2027|657
4729031447478285|00|2034|531
4401821138273144|08|2025|054
4380899114946055|00|2034|453
5223239015281326|06|2026|171
4154198052704210|08|2023|351
5356978540542696|02|2027|356
5731320078740492|07|2023|139
5359817934989930|02|2037|622
4082859591743687|02|2035|764
4177192728994573|09|2027|020
5419085723990148|00|2034|502
5562110000149568|00|2035|229
5965135116276393|05|2037|519
5700633554790013|08|2033|542
5584355328536180|02|2024|084
4309582943493953|08|2024|921
4890557228797073|01|2025|861
5162294860510061|06|2024|829
5770344882073722|04|2027|698
4217144922078561|05|2024|558
5340006631526388|03|2023|503
4176803904844058|02|2027|552
4883106149853539|04|2023|303
5763764597157801|05|2025|885
4788204053865083|06|2026|128
4612704715273817|02|2023|671
5727504432782682|09|2036|029
5386088158079537|09|2026|271
4328746273067589|06|2025|309
4425405766075337|09|2025|771
5914406336338891|08|2037|198
5410615900969634|04|2035|401
5916669025624480|01|2036|413
4794593852591745|05|2027|168
4103904385060690|03|2024|053
5635094850362287|06|2026|577
5144637698593309|05|2027|114
4369942847862996|08|2027|700
4045858651581681|06|2024|493
4791067052597662|06|2026|377
4249758160988291|08|2027|517
5116110250524429|03|2024|090
5564803064479582|03|2026|902
5282523588657999|01|2024|916
4109239998612192|07|2023|665
4954444103363076|04|2034|475
4519571155579840|01|2033|037
4385501162123434|09|2036|911
5657735989515644|01|2023|426
4231633389712046|01|2027|380
5230607514701119|03|2026|092
4687878187003172|04|2034|335
5116845015718577|03|2023|986
5398102609131561|09|2025|980
4480183980230516|06|2027|977
4405699912670460|02|2034|625
4458242641347929|08|2024|726
4109367181217886|05|2033|351
4294817064624751|08|2036|784
4183293691600844|00|2027|316
4883198672609296|04|2037|733
4480690915124293|02|2036|118
4381639901054294|02|2027|151
4726280995317062|05|2024|381
4023316647983955|06|2026|320
4843637834654866|05|2036|667
4797291252085880|09|2026|012
4958981770665757|06|2025|487
5631826772008619|08|2027|037
4857968173218349|07|2027|648
5817632036396295|06|2026|180
4784097385546736|09|2024|284
4560125107575228|06|2037|981
5595998952942096|09|2027|988
5258003968313011|09|2026|984
4625829379743671|00|2037|450
5371560148530952|02|2037|429
5721716226950519|03|2025|336
4672806797253266|06|2025|303
5536529606268625|03|2037|181
5260649535543420|05|2025|475
4393173837347887|08|2037|717
5496892788248113|00|2034|529
5980214674521293|01|2027|268
5584346934759984|04|2025|618
5135338059745931|01|2023|352
4276236407967214|01|2037|828
4804730578113717|04|2023|829
5493356172697604|04|2033|246
4511222606539248|01|2037|188
4684490750330039|00|2027|073
4080524847596624|09|2026|856
4638306151095279|06|2023|306
5880913582246910|06|2027|941
5496186445383955|04|2035|279
5877607690658225|06|2027|300
5939637180057622|00|2027|373
4341050806324799|07|2025|947
4113515945119208|03|2025|749
5927250655509337|01|2023|860
5515218741981494|00|2024|215
5940059480264393|03|2035|478
5108716974733549|02|2027|632
5743651795217437|00|2025|190
5956978206123865|08|2035|220
5339367128003867|07|2027|629
5724529582080655|01|2024|923
5207662960429138|03|2024|446
5334499069345682|06|2024|122
4322076482718384|07|2037|397
5715544755649043|06|2023|345
5553548900444548|05|2026|328
5915719358498480|06|2034|528
4526212900215844|05|2023|849
5436052901529741|03|2037|046
5845090800750356|01|2036|146
4591408449078425|08|2037|744
5405244518202907|08|2035|604
4060482705719386|06|2036|206
5561492395803773|06|2037|090
5859615414833725|07|2024|035
5359823161972314|05|2026|601
4771911820439453|03|2026|100
4399115476780185|00|2025|997
5076094044297978|07|2033|169
4350450080714095|08|2024|367
5044092477150331|02|2035|443
4061781432923205|06|2024|823
5991516088295575|04|2033|866
5215394176075281|03|2036|160
5721096126796541|08|2023|023
4293785820945854|08|2035|013
5596408605069913|02|2035|949
4488758349463122|01|2037|475
5645061802241231|00|2024|984
5321441015884709|07|2025|916
4258800583959741|06|2026|088
4382213550558312|02|2027|870
4514632843681802|08|2027|641
4683502633206975|00|2036|729
5699968884873438|09|2036|737
5567352904588026|08|2036|198
5456336062178848|09|2034|324
5363853565371313|04|2033|943
5639987705757786|02|2024|105
5840386641339633|04|2024|084
4768369859437159|09|2034|115
5659915692991545|04|2026|570
4196091161408076|07|2026|481
4533100436478135|01|2026|369
4991169312255139|04|2023|153
5554266787114703|06|2037|465
5029723693641106|01|2034|840
5665417561721837|00|2024|473
5132821252304161|08|2023|656
4161903283607462|04|2027|722
4845335017645459|05|2036|451
4933270824362127|02|2026|376
5643531293979382|07|2023|859
5136179342009342|02|2023|434
5380690339274828|01|2026|754
4505489141126809|05|2024|737
5970242896203883|05|2034|787
5710700789732060|01|2034|588
5932570058015154|01|2034|929
4159855686557917|00|2023|718
5113364267738540|01|2033|224
4080268430566203|02|2037|791
4838387648882099|03|2026|092
5920712696183069|07|2037|744
4909486057472902|00|2035|611
4751067207787832|07|2023|780
5988321393209226|00|2035|675
4811540819831193|08|2024|430
4720773140138046|01|2025|827
4134932790354704|07|2025|535
4670860400639749|03|2026|148
5718449082957475|00|2027|843
5585084071382015|01|2024|230
5726999199542413|06|2035|027
4602696504523816|08|2036|656
4655298299569943|00|2026|355
4520215312030463|03|2036|133
5853778546063915|00|2023|195
4035410318025721|01|2024|891
4122989316674362|07|2023|148
5004703407092904|05|2033|049
4387856377988298|00|2037|687
5655822086327340|08|2034|297
4038914312414300|05|2037|313
5637721559341184|08|2037|999
4654175367585531|03|2026|784
4997196171269515|07|2024|457
5380530867448168|09|2027|117
4946249108362158|09|2037|394
5173813673354647|06|2036|970
4617533954438968|05|2034|948
5326086156480433|01|2026|823
4528278876752560|05|2024|652
5144526174302385|08|2026|488
4616680701415670|05|2025|569
5469790912217356|06|2033|208
4163133486875332|07|2035|384
5329564392919782|04|2033|818
5291099722604900|09|2023|842
5935988465301778|02|2024|253
4695476940606548|04|2024|711
4243935131776773|00|2026|812
5223282279768377|05|2027|220
5221264729998562|03|2024|591
5921906802936070|03|2027|279
4736402869396103|09|2024|975
5359605009569778|03|2025|914
4028079057636297|07|2036|280
4861111721757546|07|2024|557
5676838048642285|08|2027|453
5349816125871495|04|2033|058
5614948851221948|06|2024|358
5332643325743653|01|2033|824
5239579100940677|01|2026|964
5443200484800035|02|2023|178
4247699872748883|02|2034|744
4732092968328197|04|2033|148
4809704681504688|01|2024|249
5693645000111194|03|2033|297
4213044662028804|01|2024|446
5172050250570376|05|2024|831
5578319374078216|02|2026|666
4555101040936088|05|2033|360
5106340691018233|00|2033|621
5393813115800324|02|2035|168
5506926333732796|07|2026|950
4146078478885534|00|2035|838
4058709185930541|00|2036|193
5859221781538295|00|2025|557
4979298391863174|03|2026|773
5208122996807577|06|2035|928
5444668172407806|03|2024|144
5709862875507195|08|2025|180
5552429009214833|06|2034|208
4630871486429573|02|2026|815
5361103089671888|02|2035|442
5503728968153250|08|2035|246
4150133856549819|06|2023|303
4456336209513733|01|2026|238
5558763772973642|04|2033|769
5325365607026371|00|2027|052
4887812952825715|02|2026|608
4132969922033635|08|2023|730
5048799301741408|02|2037|823
5641366756783385|04|2026|519
5632154662537106|09|2033|054
5677993480975583|05|2037|608
5236444167243910|03|2035|567
5621697897125540|01|2034|721
4960098136416427|04|2036|214
5508537075277821|03|2024|549
4890996877898153|02|2023|853
4321144475608727|00|2026|924
5285133215443325|01|2036|969
4901251625415790|06|2037|050
5517167612366373|02|2026|587
4301936479625407|04|2036|089
5941427192354151|09|2027|857
4933993221506252|08|2024|842
4905033572480382|08|2027|265
4246136982077704|03|2034|785
5351436427720224|03|2026|435
5790027642827336|01|2027|483
5396426604188977|04|2034|036
5636393991878255|07|2027|382
4992689716419545|03|2033|014
4682549757262534|01|2025|793
5684092135521489|00|2033|994
4197153425526487|02|2025|595
5005306032333023|05|2023|765
4500598155821510|03|2025|807
5665405221133904|05|2035|659
5090024548329676|07|2035|479
4512525680663741|02|2026|719
4159048908292580|09|2036|249
4612759760680684|00|2027|571
5223832942134332|06|2023|721
4724724522764430|05|2036|054
4626939360654558|04|2035|490
5356059977989936|09|2023|196
5875377245973570|00|2033|074
5957086163565966|06|2024|561
4429582012373835|00|2025|838
4783568947067820|09|2034|973
5987942050820750|04|2024|121
4402708539664666|08|2036|963
5885040589842650|09|2037|189
5998316028667865|06|2027|967
5080101524340747|03|2033|200
4913796530767253|00|2023|788
4361717937596002|01|2026|751
5614288548199934|01|2035|899
4671313186241644|00|2027|740
4257004618101191|08|2023|610
4738445840322504|06|2033|934
5905842158800947|01|2026|821
4031445177962973|07|2026|414
4767721615258704|03|2035|069
5675498911306000|05|2036|770
4970608033403294|00|2035|205
5541104634496687|01|2023|487
5830829591146042|00|2036|023
4327701873420714|04|2033|253
5729634428435096|08|2027|191
4929528890199040|01|2027|212
4641192983655448|08|2027|975
5748638068695836|06|2027|240
4496551106821192|03|2027|360
4710510099211274|02|2025|046
5389517474109649|03|2023|112
4917217130478844|09|2036|189
4277102417466749|04|2035|738
4143318338030998|00|2026|399
5710699472234727|06|2023|918
5288994982983995|07|2026|967
4607287997466075|00|2026|048
5555949312946199|01|2036|827
4897113409563216|05|2023|052
4272853207588272|04|2037|669
5954019683626592|03|2033|176
4484089274030697|00|2037|777
5558020242478139|04|2033|245
4171427456472766|01|2023|703
4958610284164115|04|2023|746
5001569826430914|01|2037|382
5538932742669070|03|2037|266
5046122280762322|05|2027|565
4242429574909851|05|2033|903
4435506544169101|02|2026|037
4882188503584185|03|2024|779
4467590703318792|08|2027|770
5176084951736473|06|2037|859
4754642282983150|08|2027|085
5896823586758520|09|2025|903
4302036941899736|02|2036|233
5449497050987001|09|2023|458
4529799867626813|05|2023|738
5243959432968447|07|2037|880
4916564944646329|08|2027|107
5947753557322149|09|2034|828
4242205514824922|09|2023|605
4585915609565244|01|2027|490
5321506609641187|00|2037|182
5200398285704110|06|2023|869
4376280521103834|07|2034|468
5989136642096501|07|2036|135
5431828256477880|04|2037|124
4419441860911525|03|2033|402
4134795743369105|03|2025|609
4101837544890266|07|2036|350
5716404535614615|08|2027|841
5009791846580478|03|2035|599
4500596822047020|09|2023|457
5506048317066993|00|2033|616
5665645198025210|06|2036|544
5549822607421583|08|2023|225
4269521648595065|01|2035|769
4982708170566297|07|2023|253
4965128815806083|08|2033|938
4608284087252254|09|2033|708
4228892900862561|06|2034|875
4265445309644249|00|2034|180
4976655605059081|08|2023|962
5174796519958393|07|2023|506
5783543538063721|03|2026|433
5875833334390339|09|2034|909
5058165695733963|08|2036|965
5124286755772281|00|2034|399
5478928279506600|07|2033|594
